5.000000e+00 1.451209e-23
5.034693e+00 1.403992e-23
5.069627e+00 1.359125e-23
5.104803e+00 1.316438e-23
5.140224e+00 1.275777e-23
5.175890e+00 1.237001e-23
5.211803e+00 1.199979e-23
5.247966e+00 1.164592e-23
5.284380e+00 1.130732e-23
5.321046e+00 1.098299e-23
5.357967e+00 1.067200e-23
5.395144e+00 1.037352e-23
5.432579e+00 1.008677e-23
5.470274e+00 9.811052e-24
5.508230e+00 9.545709e-24
5.546449e+00 9.290145e-24
5.584934e+00 9.043807e-24
5.623686e+00 8.806188e-24
5.662707e+00 8.576821e-24
5.701998e+00 8.355275e-24
5.741562e+00 8.141150e-24
5.781401e+00 7.934078e-24
5.821516e+00 7.733717e-24
5.861909e+00 7.539751e-24
5.902583e+00 7.349851e-24
5.943538e+00 7.163941e-24
5.984779e+00 6.983893e-24
6.026305e+00 6.809456e-24
6.068119e+00 6.640393e-24
6.110223e+00 6.476482e-24
6.152620e+00 6.317518e-24
6.195311e+00 6.163304e-24
6.238298e+00 6.013657e-24
6.281583e+00 5.868404e-24
6.325169e+00 5.727382e-24
6.369057e+00 5.590435e-24
6.413249e+00 5.457418e-24
6.457748e+00 5.328193e-24
6.502556e+00 5.202627e-24
6.547675e+00 5.080595e-24
6.593107e+00 4.961978e-24
6.638854e+00 4.846664e-24
6.684919e+00 4.732865e-24
6.731303e+00 4.622181e-24
6.778009e+00 4.514556e-24
6.825039e+00 4.409894e-24
6.872395e+00 4.308101e-24
6.920080e+00 4.209089e-24
6.968096e+00 4.112775e-24
7.016445e+00 4.019074e-24
7.065130e+00 3.927910e-24
7.114152e+00 3.839206e-24
7.163515e+00 3.752888e-24
7.213220e+00 3.668888e-24
7.263270e+00 3.587136e-24
7.313667e+00 3.507567e-24
7.364414e+00 3.430118e-24
7.415513e+00 3.354726e-24
7.466966e+00 3.281335e-24
7.518777e+00 3.209884e-24
7.570947e+00 3.140320e-24
7.623479e+00 3.072589e-24
7.676375e+00 3.006638e-24
7.729639e+00 2.942418e-24
7.783272e+00 2.879879e-24
7.837277e+00 2.818974e-24
7.891657e+00 2.759657e-24
7.946414e+00 2.701884e-24
8.001552e+00 2.645612e-24
8.057071e+00 2.590799e-24
8.112976e+00 2.537404e-24
8.169269e+00 2.485388e-24
8.225953e+00 2.434712e-24
8.283030e+00 2.385341e-24
8.340503e+00 2.337237e-24
8.398374e+00 2.290367e-24
8.456648e+00 2.244695e-24
8.515325e+00 2.200190e-24
8.574410e+00 2.156819e-24
8.633905e+00 2.114551e-24
8.693812e+00 2.073357e-24
8.754135e+00 2.033206e-24
8.814877e+00 1.994072e-24
8.876040e+00 1.955925e-24
8.937628e+00 1.918741e-24
8.999643e+00 1.882491e-24
9.062088e+00 1.847153e-24
9.124966e+00 1.812700e-24
9.188281e+00 1.779109e-24
9.252035e+00 1.746358e-24
9.316232e+00 1.714423e-24
9.380873e+00 1.683283e-24
9.445964e+00 1.652917e-24
9.511506e+00 1.623305e-24
9.577503e+00 1.594426e-24
9.643958e+00 1.566261e-24
9.710873e+00 1.538791e-24
9.778254e+00 1.511999e-24
9.846101e+00 1.485865e-24
9.914420e+00 1.460374e-24
9.983212e+00 1.435508e-24
1.005248e+01 1.411873e-24
1.012223e+01 1.388989e-24
1.019247e+01 1.366638e-24
1.026319e+01 1.344806e-24
1.033440e+01 1.323481e-24
1.040611e+01 1.302650e-24
1.047831e+01 1.282301e-24
1.055102e+01 1.262422e-24
1.062423e+01 1.243001e-24
1.069794e+01 1.224029e-24
1.077217e+01 1.205493e-24
1.084692e+01 1.187384e-24
1.092218e+01 1.169691e-24
1.099797e+01 1.152404e-24
1.107428e+01 1.135513e-24
1.115112e+01 1.119009e-24
1.122849e+01 1.102882e-24
1.130640e+01 1.087125e-24
1.138485e+01 1.071727e-24
1.146385e+01 1.056681e-24
1.154339e+01 1.041978e-24
1.162349e+01 1.027610e-24
1.170414e+01 1.013570e-24
1.178535e+01 9.998486e-25
1.186712e+01 9.864396e-25
1.194946e+01 9.733354e-25
1.203238e+01 9.605289e-25
1.211586e+01 9.480131e-25
1.219993e+01 9.357813e-25
1.228458e+01 9.238269e-25
1.236982e+01 9.121435e-25
1.245565e+01 9.007248e-25
1.254208e+01 8.895647e-25
1.262910e+01 8.786571e-25
1.271673e+01 8.679963e-25
1.280497e+01 8.575766e-25
1.289381e+01 8.473923e-25
1.298328e+01 8.374382e-25
1.307337e+01 8.277088e-25
1.316408e+01 8.181990e-25
1.325542e+01 8.089037e-25
1.334739e+01 7.998180e-25
1.344001e+01 7.909370e-25
1.353326e+01 7.822560e-25
1.362716e+01 7.737705e-25
1.372172e+01 7.654758e-25
1.381693e+01 7.573676e-25
1.391280e+01 7.494416e-25
1.400933e+01 7.416936e-25
1.410654e+01 7.341194e-25
1.420442e+01 7.267150e-25
1.430298e+01 7.194765e-25
1.440222e+01 7.123999e-25
1.450215e+01 7.054817e-25
1.460278e+01 6.987179e-25
1.470410e+01 6.921051e-25
1.480613e+01 6.856398e-25
1.490886e+01 6.793184e-25
1.501231e+01 6.731376e-25
1.511647e+01 6.670941e-25
1.522136e+01 6.611846e-25
1.532698e+01 6.554061e-25
1.543332e+01 6.497554e-25
1.554041e+01 6.442294e-25
1.564824e+01 6.388253e-25
1.575682e+01 6.335402e-25
1.586615e+01 6.283711e-25
1.597624e+01 6.233154e-25
1.608709e+01 6.183703e-25
1.619871e+01 6.135332e-25
1.631111e+01 6.088016e-25
1.642429e+01 6.041728e-25
1.653825e+01 5.996444e-25
1.665300e+01 5.952139e-25
1.676855e+01 5.908791e-25
1.688490e+01 5.866376e-25
1.700206e+01 5.824871e-25
1.712003e+01 5.784255e-25
1.723882e+01 5.744505e-25
1.735843e+01 5.705601e-25
1.747888e+01 5.667521e-25
1.760016e+01 5.630247e-25
1.772228e+01 5.593757e-25
1.784525e+01 5.558033e-25
1.796907e+01 5.523056e-25
1.809375e+01 5.488808e-25
1.821929e+01 5.455271e-25
1.834571e+01 5.422427e-25
1.847301e+01 5.390259e-25
1.860118e+01 5.358750e-25
1.873025e+01 5.327884e-25
1.886021e+01 5.297646e-25
1.899108e+01 5.268019e-25
1.912285e+01 5.238989e-25
1.925554e+01 5.210540e-25
1.938914e+01 5.182659e-25
1.952368e+01 5.155331e-25
1.965914e+01 5.128543e-25
1.979555e+01 5.102280e-25
1.993291e+01 5.076530e-25
2.007121e+01 5.051281e-25
2.021048e+01 5.026520e-25
2.035071e+01 5.002234e-25
2.049192e+01 4.978412e-25
2.063410e+01 4.955042e-25
2.077728e+01 4.932114e-25
2.092144e+01 4.909616e-25
2.106661e+01 4.887537e-25
2.121278e+01 4.865867e-25
2.135997e+01 4.844596e-25
2.150818e+01 4.823715e-25
2.165742e+01 4.803213e-25
2.180769e+01 4.783081e-25
2.195900e+01 4.763310e-25
2.211137e+01 4.743891e-25
2.226479e+01 4.724816e-25
2.241928e+01 4.706075e-25
2.257484e+01 4.687662e-25
2.273148e+01 4.669567e-25
2.288920e+01 4.651783e-25
2.304802e+01 4.634303e-25
2.320794e+01 4.617118e-25
2.336898e+01 4.600223e-25
2.353112e+01 4.583609e-25
2.369440e+01 4.567271e-25
2.385880e+01 4.551201e-25
2.402435e+01 4.535393e-25
2.419105e+01 4.519840e-25
2.435890e+01 4.504537e-25
2.452792e+01 4.489478e-25
2.469811e+01 4.474657e-25
2.486948e+01 4.460068e-25
2.504204e+01 4.445705e-25
2.521580e+01 4.431564e-25
2.539076e+01 4.417640e-25
2.556694e+01 4.403926e-25
2.574434e+01 4.390418e-25
2.592297e+01 4.377112e-25
2.610284e+01 4.364003e-25
2.628396e+01 4.351086e-25
2.646633e+01 4.338357e-25
2.664997e+01 4.325812e-25
2.683488e+01 4.313445e-25
2.702108e+01 4.301255e-25
2.720857e+01 4.289235e-25
2.739736e+01 4.277383e-25
2.758746e+01 4.265695e-25
2.777888e+01 4.254167e-25
2.797163e+01 4.242796e-25
2.816571e+01 4.231578e-25
2.836114e+01 4.220510e-25
2.855793e+01 4.209588e-25
2.875609e+01 4.198809e-25
2.895561e+01 4.188171e-25
2.915653e+01 4.177671e-25
2.935883e+01 4.167304e-25
2.956254e+01 4.157069e-25
2.976767e+01 4.146963e-25
2.997421e+01 4.136983e-25
3.018219e+01 4.127127e-25
3.039162e+01 4.117391e-25
3.060249e+01 4.107774e-25
3.081483e+01 4.098273e-25
3.102864e+01 4.088885e-25
3.124394e+01 4.079609e-25
3.146073e+01 4.070442e-25
3.167902e+01 4.061381e-25
3.189883e+01 4.052426e-25
3.212017e+01 4.043573e-25
3.234304e+01 4.034822e-25
3.256745e+01 4.026169e-25
3.279343e+01 4.017612e-25
3.302097e+01 4.009151e-25
3.325009e+01 4.000784e-25
3.348080e+01 3.992507e-25
3.371311e+01 3.984321e-25
3.394703e+01 3.976223e-25
3.418258e+01 3.968211e-25
3.441976e+01 3.960284e-25
3.465859e+01 3.952440e-25
3.489907e+01 3.944679e-25
3.514122e+01 3.936998e-25
3.538505e+01 3.929396e-25
3.563058e+01 3.921871e-25
3.587780e+01 3.914423e-25
3.612675e+01 3.907050e-25
3.637742e+01 3.899750e-25
3.662983e+01 3.892523e-25
3.688399e+01 3.885367e-25
3.713991e+01 3.878281e-25
3.739761e+01 3.871264e-25
3.765710e+01 3.864315e-25
3.791839e+01 3.857432e-25
3.818149e+01 3.850615e-25
3.844642e+01 3.843862e-25
3.871318e+01 3.837173e-25
3.898180e+01 3.830546e-25
3.925228e+01 3.823981e-25
3.952464e+01 3.817476e-25
3.979889e+01 3.811031e-25
4.007503e+01 3.804644e-25
4.035310e+01 3.798315e-25
4.063310e+01 3.792044e-25
4.091503e+01 3.785828e-25
4.119893e+01 3.779668e-25
4.148479e+01 3.773562e-25
4.177264e+01 3.767510e-25
4.206249e+01 3.761511e-25
4.235434e+01 3.755564e-25
4.264822e+01 3.749669e-25
4.294414e+01 3.743824e-25
4.324212e+01 3.738029e-25
4.354216e+01 3.732284e-25
4.384428e+01 3.726587e-25
4.414850e+01 3.720939e-25
4.445483e+01 3.715338e-25
4.476329e+01 3.709784e-25
4.507388e+01 3.704275e-25
4.538663e+01 3.698813e-25
4.570155e+01 3.693395e-25
4.601866e+01 3.688022e-25
4.633797e+01 3.682693e-25
4.665949e+01 3.677407e-25
4.698324e+01 3.672165e-25
4.730924e+01 3.666964e-25
4.763750e+01 3.661805e-25
4.796804e+01 3.656687e-25
4.830087e+01 3.651611e-25
4.863602e+01 3.646574e-25
4.897348e+01 3.641578e-25
4.931329e+01 3.636620e-25
4.965546e+01 3.631702e-25
5.000000e+01 3.626823e-25
5.034693e+01 3.621981e-25
5.069627e+01 3.617177e-25
5.104803e+01 3.612411e-25
5.140224e+01 3.607681e-25
5.175890e+01 3.602987e-25
5.211803e+01 3.598330e-25
5.247966e+01 3.593709e-25
5.284380e+01 3.589123e-25
5.321046e+01 3.584571e-25
5.357967e+01 3.580055e-25
5.395144e+01 3.575573e-25
5.432579e+01 3.571124e-25
5.470274e+01 3.566710e-25
5.508230e+01 3.562328e-25
5.546449e+01 3.557979e-25
5.584934e+01 3.553664e-25
5.623686e+01 3.549380e-25
5.662707e+01 3.545128e-25
5.701998e+01 3.540909e-25
5.741562e+01 3.536720e-25
5.781401e+01 3.532563e-25
5.821516e+01 3.528436e-25
5.861909e+01 3.524340e-25
5.902583e+01 3.520275e-25
5.943538e+01 3.516239e-25
5.984779e+01 3.512234e-25
6.026305e+01 3.508258e-25
6.068119e+01 3.504311e-25
6.110223e+01 3.500393e-25
6.152620e+01 3.496504e-25
6.195311e+01 3.492643e-25
6.238298e+01 3.488811e-25
6.281583e+01 3.485007e-25
6.325169e+01 3.481231e-25
6.369057e+01 3.477482e-25
6.413249e+01 3.473761e-25
6.457748e+01 3.470068e-25
6.502556e+01 3.466401e-25
6.547675e+01 3.462761e-25
6.593107e+01 3.459147e-25
6.638854e+01 3.455560e-25
6.684919e+01 3.452000e-25
6.731303e+01 3.448465e-25
6.778009e+01 3.444956e-25
6.825039e+01 3.441473e-25
6.872395e+01 3.438015e-25
6.920080e+01 3.434583e-25
6.968096e+01 3.431176e-25
7.016445e+01 3.427794e-25
7.065130e+01 3.424436e-25
7.114152e+01 3.421104e-25
7.163515e+01 3.417795e-25
7.213220e+01 3.414511e-25
7.263270e+01 3.411252e-25
7.313667e+01 3.408016e-25
7.364414e+01 3.404804e-25
7.415513e+01 3.401616e-25
7.466966e+01 3.398451e-25
7.518777e+01 3.395310e-25
7.570947e+01 3.392192e-25
7.623479e+01 3.389098e-25
7.676375e+01 3.386026e-25
7.729639e+01 3.382978e-25
7.783272e+01 3.379952e-25
7.837277e+01 3.376949e-25
7.891657e+01 3.373968e-25
7.946414e+01 3.371010e-25
8.001552e+01 3.368074e-25
8.057071e+01 3.365160e-25
8.112976e+01 3.362268e-25
8.169269e+01 3.359399e-25
8.225953e+01 3.356551e-25
8.283030e+01 3.353725e-25
8.340503e+01 3.350920e-25
8.398374e+01 3.348137e-25
8.456648e+01 3.345376e-25
8.515325e+01 3.342635e-25
8.574410e+01 3.339917e-25
8.633905e+01 3.337219e-25
8.693812e+01 3.334542e-25
8.754135e+01 3.331886e-25
8.814877e+01 3.329251e-25
8.876040e+01 3.326637e-25
8.937628e+01 3.324044e-25
8.999643e+01 3.321471e-25
9.062088e+01 3.318919e-25
9.124966e+01 3.316388e-25
9.188281e+01 3.313877e-25
9.252035e+01 3.311386e-25
9.316232e+01 3.308915e-25
9.380873e+01 3.306465e-25
9.445964e+01 3.304034e-25
9.511506e+01 3.301624e-25
9.577503e+01 3.299234e-25
9.643958e+01 3.296864e-25
9.710873e+01 3.294513e-25
9.778254e+01 3.292183e-25
9.846101e+01 3.289872e-25
9.914420e+01 3.287581e-25
9.983212e+01 3.285309e-25
1.005248e+02 3.283057e-25
1.012223e+02 3.280825e-25
1.019247e+02 3.278612e-25
1.026319e+02 3.276419e-25
1.033440e+02 3.274245e-25
1.040611e+02 3.272091e-25
1.047831e+02 3.269956e-25
1.055102e+02 3.267840e-25
1.062423e+02 3.265744e-25
1.069794e+02 3.263666e-25
1.077217e+02 3.261608e-25
1.084692e+02 3.259570e-25
1.092218e+02 3.257550e-25
1.099797e+02 3.255549e-25
1.107428e+02 3.253568e-25
1.115112e+02 3.251605e-25
1.122849e+02 3.249662e-25
1.130640e+02 3.247738e-25
1.138485e+02 3.245833e-25
1.146385e+02 3.243947e-25
1.154339e+02 3.242079e-25
1.162349e+02 3.240231e-25
1.170414e+02 3.238402e-25
1.178535e+02 3.236592e-25
1.186712e+02 3.234800e-25
1.194946e+02 3.233028e-25
1.203238e+02 3.231275e-25
1.211586e+02 3.229540e-25
1.219993e+02 3.227825e-25
1.228458e+02 3.226128e-25
1.236982e+02 3.224451e-25
1.245565e+02 3.222793e-25
1.254208e+02 3.221153e-25
1.262910e+02 3.219533e-25
1.271673e+02 3.217931e-25
1.280497e+02 3.216349e-25
1.289381e+02 3.214785e-25
1.298328e+02 3.213241e-25
1.307337e+02 3.211716e-25
1.316408e+02 3.210210e-25
1.325542e+02 3.208723e-25
1.334739e+02 3.207256e-25
1.344001e+02 3.205807e-25
1.353326e+02 3.204378e-25
1.362716e+02 3.202968e-25
1.372172e+02 3.201578e-25
1.381693e+02 3.200207e-25
1.391280e+02 3.198855e-25
1.400933e+02 3.197523e-25
1.410654e+02 3.196210e-25
1.420442e+02 3.194917e-25
1.430298e+02 3.193644e-25
1.440222e+02 3.192390e-25
1.450215e+02 3.191156e-25
1.460278e+02 3.189942e-25
1.470410e+02 3.188748e-25
1.480613e+02 3.187573e-25
1.490886e+02 3.186419e-25
1.501231e+02 3.185285e-25
1.511647e+02 3.184172e-25
1.522136e+02 3.183079e-25
1.532698e+02 3.182006e-25
1.543332e+02 3.180954e-25
1.554041e+02 3.179923e-25
1.564824e+02 3.178913e-25
1.575682e+02 3.177924e-25
1.586615e+02 3.176956e-25
1.597624e+02 3.176010e-25
1.608709e+02 3.175086e-25
1.619871e+02 3.174184e-25
1.631111e+02 3.173305e-25
1.642429e+02 3.172449e-25
1.653825e+02 3.171616e-25
1.665300e+02 3.170808e-25
1.676855e+02 3.170025e-25
1.688490e+02 3.169269e-25
1.700206e+02 3.168541e-25
1.712003e+02 3.167843e-25
1.723882e+02 3.167179e-25
1.735843e+02 3.166554e-25
1.747888e+02 3.165975e-25
1.760016e+02 3.165452e-25
1.772228e+02 3.165006e-25
1.784525e+02 3.164671e-25
1.796907e+02 3.164513e-25
1.809375e+02 3.164677e-25
1.821929e+02 3.165525e-25
1.834571e+02 3.168210e-25
1.847301e+02 3.178222e-25
1.860118e+02 3.267303e-25
1.873025e+02 3.524330e-25
1.886021e+02 3.183758e-25
1.899108e+02 3.166738e-25
1.912285e+02 3.162263e-25
1.925554e+02 3.160315e-25
1.938914e+02 3.159206e-25
1.952368e+02 3.158463e-25
1.965914e+02 3.157910e-25
1.979555e+02 3.157474e-25
1.993291e+02 3.157115e-25
2.007121e+02 3.156815e-25
2.021048e+02 3.156562e-25
2.035071e+02 3.156349e-25
2.049192e+02 3.156171e-25
2.063410e+02 3.156027e-25
2.077728e+02 3.155914e-25
2.092144e+02 3.155831e-25
2.106661e+02 3.155777e-25
2.121278e+02 3.155752e-25
2.135997e+02 3.155755e-25
2.150818e+02 3.155786e-25
2.165742e+02 3.155845e-25
2.180769e+02 3.155932e-25
2.195900e+02 3.156048e-25
2.211137e+02 3.156191e-25
2.226479e+02 3.156362e-25
2.241928e+02 3.156562e-25
2.257484e+02 3.156790e-25
2.273148e+02 3.157047e-25
2.288920e+02 3.157332e-25
2.304802e+02 3.157646e-25
2.320794e+02 3.157990e-25
2.336898e+02 3.158363e-25
2.353112e+02 3.158765e-25
2.369440e+02 3.159197e-25
2.385880e+02 3.159660e-25
2.402435e+02 3.160152e-25
2.419105e+02 3.160675e-25
2.435890e+02 3.161229e-25
2.452792e+02 3.161814e-25
2.469811e+02 3.162430e-25
2.486948e+02 3.163078e-25
2.504204e+02 3.163758e-25
2.521580e+02 3.164469e-25
2.539076e+02 3.165214e-25
2.556694e+02 3.165990e-25
2.574434e+02 3.166800e-25
2.592297e+02 3.167643e-25
2.610284e+02 3.168520e-25
2.628396e+02 3.169430e-25
2.646633e+02 3.170375e-25
2.664997e+02 3.171354e-25
2.683488e+02 3.172368e-25
2.702108e+02 3.173417e-25
2.720857e+02 3.174501e-25
2.739736e+02 3.175621e-25
2.758746e+02 3.176778e-25
2.777888e+02 3.177970e-25
2.797163e+02 3.179200e-25
2.816571e+02 3.180467e-25
2.836114e+02 3.181771e-25
2.855793e+02 3.183113e-25
2.875609e+02 3.184493e-25
2.895561e+02 3.185912e-25
2.915653e+02 3.187370e-25
2.935883e+02 3.188867e-25
2.956254e+02 3.190404e-25
2.976767e+02 3.191980e-25
2.997421e+02 3.193598e-25
3.018219e+02 3.195256e-25
3.039162e+02 3.196955e-25
3.060249e+02 3.198696e-25
3.081483e+02 3.200480e-25
3.102864e+02 3.202305e-25
3.124394e+02 3.204174e-25
3.146073e+02 3.206085e-25
3.167902e+02 3.208041e-25
3.189883e+02 3.210041e-25
3.212017e+02 3.212085e-25
3.234304e+02 3.214174e-25
3.256745e+02 3.216309e-25
3.279343e+02 3.218490e-25
3.302097e+02 3.220718e-25
3.325009e+02 3.222992e-25
3.348080e+02 3.225313e-25
3.371311e+02 3.227683e-25
3.394703e+02 3.230101e-25
3.418258e+02 3.232568e-25
3.441976e+02 3.235084e-25
3.465859e+02 3.237651e-25
3.489907e+02 3.240268e-25
3.514122e+02 3.242937e-25
3.538505e+02 3.245658e-25
3.563058e+02 3.248434e-25
3.587780e+02 3.251266e-25
3.612675e+02 3.254158e-25
3.637742e+02 3.257119e-25
3.662983e+02 3.260176e-25
3.688399e+02 3.263438e-25
3.713991e+02 3.267889e-25
3.739761e+02 3.394619e-25
3.765710e+02 3.273557e-25
3.791839e+02 3.276010e-25
3.818149e+02 3.279161e-25
3.844642e+02 3.282474e-25
3.871318e+02 3.285876e-25
3.898180e+02 3.289348e-25
3.925228e+02 3.292886e-25
3.952464e+02 3.296487e-25
3.979889e+02 3.300150e-25
4.007503e+02 3.303875e-25
4.035310e+02 3.307663e-25
4.063310e+02 3.311513e-25
4.091503e+02 3.315426e-25
4.119893e+02 3.319403e-25
4.148479e+02 3.323444e-25
4.177264e+02 3.327549e-25
4.206249e+02 3.331721e-25
4.235434e+02 3.335957e-25
4.264822e+02 3.340261e-25
4.294414e+02 3.344632e-25
4.324212e+02 3.349070e-25
4.354216e+02 3.353577e-25
4.384428e+02 3.358153e-25
4.414850e+02 3.362799e-25
4.445483e+02 3.367515e-25
4.476329e+02 3.372302e-25
4.507388e+02 3.377161e-25
4.538663e+02 3.382092e-25
4.570155e+02 3.387097e-25
4.601866e+02 3.392175e-25
4.633797e+02 3.397327e-25
4.665949e+02 3.402555e-25
4.698324e+02 3.407858e-25
4.730924e+02 3.413238e-25
4.763750e+02 3.418695e-25
4.796804e+02 3.424230e-25
4.830087e+02 3.429844e-25
4.863602e+02 3.435537e-25
4.897348e+02 3.441310e-25
4.931329e+02 3.447164e-25
4.965546e+02 3.453099e-25
5.000000e+02 3.459117e-25
5.034693e+02 3.465217e-25
5.069627e+02 3.471402e-25
5.104803e+02 3.477670e-25
5.140224e+02 3.484025e-25
5.175890e+02 3.490465e-25
5.211803e+02 3.496991e-25
5.247966e+02 3.503606e-25
5.284380e+02 3.510309e-25
5.321046e+02 3.517101e-25
5.357967e+02 3.523983e-25
5.395144e+02 3.530956e-25
5.432579e+02 3.538022e-25
5.470274e+02 3.545182e-25
5.508230e+02 3.552443e-25
5.546449e+02 3.559831e-25
5.584934e+02 3.567789e-25
5.623686e+02 3.575459e-25
5.662707e+02 3.582422e-25
5.701998e+02 3.590098e-25
5.741562e+02 3.597907e-25
5.781401e+02 3.605822e-25
5.821516e+02 3.613839e-25
5.861909e+02 3.621956e-25
5.902583e+02 3.630175e-25
5.943538e+02 3.638496e-25
5.984779e+02 3.646920e-25
6.026305e+02 3.655447e-25
6.068119e+02 3.664078e-25
6.110223e+02 3.672814e-25
6.152620e+02 3.681655e-25
6.195311e+02 3.690604e-25
6.238298e+02 3.699659e-25
6.281583e+02 3.708823e-25
6.325169e+02 3.718096e-25
6.369057e+02 3.727478e-25
6.413249e+02 3.736972e-25
6.457748e+02 3.746576e-25
6.502556e+02 3.756293e-25
6.547675e+02 3.766123e-25
6.593107e+02 3.776067e-25
6.638854e+02 3.786126e-25
6.684919e+02 3.796301e-25
6.731303e+02 3.806592e-25
6.778009e+02 3.817000e-25
6.825039e+02 3.827527e-25
6.872395e+02 3.838172e-25
6.920080e+02 3.848937e-25
6.968096e+02 3.859823e-25
7.016445e+02 3.870830e-25
7.065130e+02 3.881959e-25
7.114152e+02 3.893212e-25
7.163515e+02 3.904589e-25
7.213220e+02 3.916090e-25
7.263270e+02 3.927718e-25
7.313667e+02 3.939473e-25
7.364414e+02 3.951357e-25
7.415513e+02 3.963386e-25
7.466966e+02 3.977553e-25
7.518777e+02 3.987806e-25
7.570947e+02 4.000169e-25
7.623479e+02 4.012692e-25
7.676375e+02 4.025351e-25
7.729639e+02 4.038145e-25
7.783272e+02 4.051072e-25
7.837277e+02 4.064134e-25
7.891657e+02 4.077332e-25
7.946414e+02 4.090666e-25
8.001552e+02 4.104136e-25
8.057071e+02 4.117745e-25
8.112976e+02 4.131492e-25
8.169269e+02 4.145379e-25
8.225953e+02 4.159405e-25
8.283030e+02 4.173573e-25
8.340503e+02 4.187882e-25
8.398374e+02 4.202334e-25
8.456648e+02 4.216929e-25
8.515325e+02 4.231668e-25
8.574410e+02 4.246552e-25
8.633905e+02 4.261581e-25
8.693812e+02 4.276756e-25
8.754135e+02 4.292079e-25
8.814877e+02 4.307549e-25
8.876040e+02 4.323168e-25
8.937628e+02 4.338935e-25
8.999643e+02 4.354853e-25
9.062088e+02 4.370922e-25
9.124966e+02 4.387142e-25
9.188281e+02 4.403514e-25
9.252035e+02 4.420042e-25
9.316232e+02 4.436780e-25
9.380873e+02 4.453572e-25
9.445964e+02 4.470536e-25
9.511506e+02 4.487676e-25
9.577503e+02 4.504973e-25
9.643958e+02 4.522427e-25
9.710873e+02 4.540039e-25
9.778254e+02 4.557809e-25
9.846101e+02 4.575737e-25
9.914420e+02 4.593825e-25
9.983212e+02 4.612072e-25
1.005248e+03 4.630479e-25
1.012223e+03 4.649048e-25
1.019247e+03 4.667778e-25
1.026319e+03 4.686670e-25
1.033440e+03 4.705725e-25
1.040611e+03 4.724943e-25
1.047831e+03 4.744325e-25
1.055102e+03 4.763870e-25
1.062423e+03 4.783581e-25
1.069794e+03 4.803456e-25
1.077217e+03 4.823497e-25
1.084692e+03 4.843705e-25
1.092218e+03 4.864078e-25
1.099797e+03 4.884619e-25
1.107428e+03 4.905328e-25
1.115112e+03 4.926209e-25
1.122849e+03 4.947352e-25
1.130640e+03 4.968588e-25
1.138485e+03 4.990047e-25
1.146385e+03 5.011676e-25
1.154339e+03 5.033475e-25
1.162349e+03 5.055443e-25
1.170414e+03 5.077581e-25
1.178535e+03 5.099889e-25
1.186712e+03 5.122367e-25
1.194946e+03 5.145016e-25
1.203238e+03 5.167912e-25
1.211586e+03 5.190978e-25
1.219993e+03 5.214215e-25
1.228458e+03 5.237623e-25
1.236982e+03 5.261202e-25
1.245565e+03 5.284952e-25
1.254208e+03 5.308873e-25
1.262910e+03 5.332966e-25
1.271673e+03 5.357230e-25
1.280497e+03 5.381666e-25
1.289381e+03 5.406273e-25
1.298328e+03 5.431052e-25
1.307337e+03 5.456984e-25
1.316408e+03 5.481122e-25
1.325542e+03 5.506413e-25
1.334739e+03 5.531875e-25
1.344001e+03 5.557509e-25
1.353326e+03 5.583313e-25
1.362716e+03 5.609287e-25
1.372172e+03 5.635431e-25
1.381693e+03 5.661746e-25
1.391280e+03 5.688230e-25
1.400933e+03 5.714883e-25
1.410654e+03 5.741704e-25
1.420442e+03 5.768695e-25
1.430298e+03 5.795853e-25
1.440222e+03 5.823179e-25
1.450215e+03 5.850671e-25
1.460278e+03 5.878331e-25
1.470410e+03 5.906156e-25
1.480613e+03 5.934146e-25
1.490886e+03 5.962311e-25
1.501231e+03 5.990687e-25
1.511647e+03 6.019228e-25
1.522136e+03 6.047933e-25
1.532698e+03 6.076799e-25
1.543332e+03 6.105826e-25
1.554041e+03 6.135012e-25
1.564824e+03 6.164356e-25
1.575682e+03 6.193858e-25
1.586615e+03 6.223517e-25
1.597624e+03 6.253330e-25
1.608709e+03 6.283298e-25
1.619871e+03 6.313419e-25
1.631111e+03 6.343692e-25
1.642429e+03 6.374116e-25
1.653825e+03 6.404688e-25
1.665300e+03 6.435409e-25
1.676855e+03 6.466278e-25
1.688490e+03 6.497288e-25
1.700206e+03 6.528442e-25
1.712003e+03 6.559739e-25
1.723882e+03 6.591176e-25
1.735843e+03 6.622751e-25
1.747888e+03 6.654462e-25
1.760016e+03 6.686308e-25
1.772228e+03 6.718287e-25
1.784525e+03 6.750397e-25
1.796907e+03 6.782635e-25
1.809375e+03 6.815000e-25
1.821929e+03 6.847489e-25
1.834571e+03 6.880101e-25
1.847301e+03 6.912832e-25
1.860118e+03 6.945681e-25
1.873025e+03 6.978645e-25
1.886021e+03 7.011719e-25
1.899108e+03 7.044905e-25
1.912285e+03 7.078197e-25
1.925554e+03 7.111594e-25
1.938914e+03 7.145091e-25
1.952368e+03 7.178687e-25
1.965914e+03 7.212379e-25
1.979555e+03 7.246162e-25
1.993291e+03 7.280034e-25
2.007121e+03 7.313992e-25
2.021048e+03 7.348032e-25
2.035071e+03 7.382150e-25
2.049192e+03 7.416344e-25
2.063410e+03 7.450609e-25
2.077728e+03 7.484940e-25
2.092144e+03 7.519336e-25
2.106661e+03 7.553791e-25
2.121278e+03 7.588302e-25
2.135997e+03 7.622863e-25
2.150818e+03 7.657471e-25
2.165742e+03 7.692122e-25
2.180769e+03 7.726810e-25
2.195900e+03 7.761532e-25
2.211137e+03 7.796281e-25
2.226479e+03 7.831054e-25
2.241928e+03 7.865856e-25
2.257484e+03 7.900649e-25
2.273148e+03 7.935461e-25
2.288920e+03 7.970274e-25
2.304802e+03 8.005085e-25
2.320794e+03 8.039886e-25
2.336898e+03 8.074673e-25
2.353112e+03 8.109438e-25
2.369440e+03 8.144177e-25
2.385880e+03 8.178882e-25
2.402435e+03 8.213547e-25
2.419105e+03 8.248166e-25
2.435890e+03 8.282731e-25
2.452792e+03 8.317237e-25
2.469811e+03 8.351675e-25
2.486948e+03 8.386040e-25
2.504204e+03 8.420322e-25
2.521580e+03 8.454515e-25
2.539076e+03 8.488611e-25
2.556694e+03 8.522603e-25
2.574434e+03 8.556481e-25
2.592297e+03 8.590238e-25
2.610284e+03 8.623866e-25
2.628396e+03 8.657355e-25
2.646633e+03 8.690698e-25
2.664997e+03 8.723884e-25
2.683488e+03 8.756905e-25
2.702108e+03 8.789752e-25
2.720857e+03 8.822414e-25
2.739736e+03 8.854882e-25
2.758746e+03 8.887147e-25
2.777888e+03 8.919198e-25
2.797163e+03 8.951024e-25
2.816571e+03 8.982615e-25
2.836114e+03 9.013960e-25
2.855793e+03 9.045048e-25
2.875609e+03 9.075868e-25
2.895561e+03 9.106408e-25
2.915653e+03 9.136657e-25
2.935883e+03 9.166602e-25
2.956254e+03 9.196232e-25
2.976767e+03 9.225534e-25
2.997421e+03 9.254495e-25
3.018219e+03 9.283103e-25
3.039162e+03 9.311344e-25
3.060249e+03 9.339204e-25
3.081483e+03 9.366671e-25
3.102864e+03 9.393730e-25
3.124394e+03 9.420368e-25
3.146073e+03 9.446569e-25
3.167902e+03 9.472319e-25
3.189883e+03 9.497603e-25
3.212017e+03 9.522405e-25
3.234304e+03 9.546711e-25
3.256745e+03 9.570505e-25
3.279343e+03 9.593770e-25
3.302097e+03 9.616490e-25
3.325009e+03 9.638648e-25
3.348080e+03 9.660228e-25
3.371311e+03 9.681213e-25
3.394703e+03 9.701584e-25
3.418258e+03 9.721324e-25
3.441976e+03 9.740416e-25
3.465859e+03 9.758840e-25
3.489907e+03 9.776578e-25
3.514122e+03 9.793611e-25
3.538505e+03 9.809921e-25
3.563058e+03 9.825486e-25
3.587780e+03 9.840288e-25
3.612675e+03 9.854306e-25
3.637742e+03 9.867519e-25
3.662983e+03 9.879908e-25
3.688399e+03 9.891451e-25
3.713991e+03 9.902127e-25
3.739761e+03 9.911913e-25
3.765710e+03 9.920788e-25
3.791839e+03 9.928730e-25
3.818149e+03 9.935716e-25
3.844642e+03 9.941722e-25
3.871318e+03 9.946727e-25
3.898180e+03 9.950706e-25
3.925228e+03 9.953636e-25
3.952464e+03 9.955493e-25
3.979889e+03 9.956251e-25
4.007503e+03 9.955887e-25
4.035310e+03 9.954376e-25
4.063310e+03 9.951691e-25
4.091503e+03 9.947809e-25
4.119893e+03 9.942702e-25
4.148479e+03 9.936345e-25
4.177264e+03 9.928712e-25
4.206249e+03 9.919776e-25
4.235434e+03 9.909509e-25
4.264822e+03 9.897886e-25
4.294414e+03 9.884879e-25
4.324212e+03 9.870459e-25
4.354216e+03 9.854600e-25
4.384428e+03 9.837274e-25
4.414850e+03 9.818452e-25
4.445483e+03 9.798106e-25
4.476329e+03 9.776217e-25
4.507388e+03 9.752747e-25
4.538663e+03 9.727668e-25
4.570155e+03 9.700949e-25
4.601866e+03 9.672562e-25
4.633797e+03 9.642478e-25
4.665949e+03 9.610666e-25
4.698324e+03 9.577099e-25
4.730924e+03 9.541747e-25
4.763750e+03 9.504580e-25
4.796804e+03 9.465570e-25
4.830087e+03 9.424686e-25
4.863602e+03 9.381900e-25
4.897348e+03 9.337183e-25
4.931329e+03 9.290506e-25
4.965546e+03 9.241840e-25
5.000000e+03 9.191156e-25
