5.000000e+00 1.450969e-23
5.034693e+00 1.403805e-23
5.069627e+00 1.358992e-23
5.104803e+00 1.316362e-23
5.140224e+00 1.275760e-23
5.175890e+00 1.237045e-23
5.211803e+00 1.200086e-23
5.247966e+00 1.164765e-23
5.284380e+00 1.130974e-23
5.321046e+00 1.098610e-23
5.357967e+00 1.067584e-23
5.395144e+00 1.037811e-23
5.432579e+00 1.009214e-23
5.470274e+00 9.817224e-24
5.508230e+00 9.552704e-24
5.546449e+00 9.297987e-24
5.584934e+00 9.052520e-24
5.623686e+00 8.815799e-24
5.662707e+00 8.587354e-24
5.701998e+00 8.366755e-24
5.741562e+00 8.153603e-24
5.781401e+00 7.947530e-24
5.821516e+00 7.748195e-24
5.861909e+00 7.555282e-24
5.902583e+00 7.366467e-24
5.943538e+00 7.181675e-24
5.984779e+00 7.002775e-24
6.026305e+00 6.829514e-24
6.068119e+00 6.661658e-24
6.110223e+00 6.498985e-24
6.152620e+00 6.341289e-24
6.195311e+00 6.188375e-24
6.238298e+00 6.040060e-24
6.281583e+00 5.896171e-24
6.325169e+00 5.756545e-24
6.369057e+00 5.621028e-24
6.413249e+00 5.489475e-24
6.457748e+00 5.361746e-24
6.502556e+00 5.237711e-24
6.547675e+00 5.117246e-24
6.593107e+00 5.000230e-24
6.638854e+00 4.886552e-24
6.684919e+00 4.774441e-24
6.731303e+00 4.665482e-24
6.778009e+00 4.559619e-24
6.825039e+00 4.456757e-24
6.872395e+00 4.356804e-24
6.920080e+00 4.259670e-24
6.968096e+00 4.165273e-24
7.016445e+00 4.073529e-24
7.065130e+00 3.984360e-24
7.114152e+00 3.897692e-24
7.163515e+00 3.813450e-24
7.213220e+00 3.731565e-24
7.263270e+00 3.651970e-24
7.313667e+00 3.574597e-24
7.364414e+00 3.499385e-24
7.415513e+00 3.426271e-24
7.466966e+00 3.355197e-24
7.518777e+00 3.286106e-24
7.570947e+00 3.218941e-24
7.623479e+00 3.153649e-24
7.676375e+00 3.090178e-24
7.729639e+00 3.028478e-24
7.783272e+00 2.968499e-24
7.837277e+00 2.910193e-24
7.891657e+00 2.853516e-24
7.946414e+00 2.798421e-24
8.001552e+00 2.744866e-24
8.057071e+00 2.692809e-24
8.112976e+00 2.642208e-24
8.169269e+00 2.593023e-24
8.225953e+00 2.545216e-24
8.283030e+00 2.498750e-24
8.340503e+00 2.453587e-24
8.398374e+00 2.409693e-24
8.456648e+00 2.367032e-24
8.515325e+00 2.325572e-24
8.574410e+00 2.285279e-24
8.633905e+00 2.246122e-24
8.693812e+00 2.208070e-24
8.754135e+00 2.171092e-24
8.814877e+00 2.135160e-24
8.876040e+00 2.100246e-24
8.937628e+00 2.066320e-24
8.999643e+00 2.033358e-24
9.062088e+00 2.001331e-24
9.124966e+00 1.970215e-24
9.188281e+00 1.939985e-24
9.252035e+00 1.910616e-24
9.316232e+00 1.882085e-24
9.380873e+00 1.854370e-24
9.445964e+00 1.827446e-24
9.511506e+00 1.801294e-24
9.577503e+00 1.775891e-24
9.643958e+00 1.751217e-24
9.710873e+00 1.727252e-24
9.778254e+00 1.703975e-24
9.846101e+00 1.681369e-24
9.914420e+00 1.659414e-24
9.983212e+00 1.638092e-24
1.005248e+01 1.617927e-24
1.012223e+01 1.598494e-24
1.019247e+01 1.579597e-24
1.026319e+01 1.561222e-24
1.033440e+01 1.543354e-24
1.040611e+01 1.525980e-24
1.047831e+01 1.509086e-24
1.055102e+01 1.492660e-24
1.062423e+01 1.476688e-24
1.069794e+01 1.461159e-24
1.077217e+01 1.446060e-24
1.084692e+01 1.431379e-24
1.092218e+01 1.417105e-24
1.099797e+01 1.403227e-24
1.107428e+01 1.389734e-24
1.115112e+01 1.376614e-24
1.122849e+01 1.363859e-24
1.130640e+01 1.351457e-24
1.138485e+01 1.339398e-24
1.146385e+01 1.327674e-24
1.154339e+01 1.316274e-24
1.162349e+01 1.305190e-24
1.170414e+01 1.294412e-24
1.178535e+01 1.283933e-24
1.186712e+01 1.273743e-24
1.194946e+01 1.263834e-24
1.203238e+01 1.254198e-24
1.211586e+01 1.244828e-24
1.219993e+01 1.235716e-24
1.228458e+01 1.226854e-24
1.236982e+01 1.218235e-24
1.245565e+01 1.209853e-24
1.254208e+01 1.201700e-24
1.262910e+01 1.193769e-24
1.271673e+01 1.186055e-24
1.280497e+01 1.178551e-24
1.289381e+01 1.171251e-24
1.298328e+01 1.164149e-24
1.307337e+01 1.157239e-24
1.316408e+01 1.150516e-24
1.325542e+01 1.143973e-24
1.334739e+01 1.137606e-24
1.344001e+01 1.131410e-24
1.353326e+01 1.125379e-24
1.362716e+01 1.119509e-24
1.372172e+01 1.113795e-24
1.381693e+01 1.108233e-24
1.391280e+01 1.102817e-24
1.400933e+01 1.097543e-24
1.410654e+01 1.092408e-24
1.420442e+01 1.087407e-24
1.430298e+01 1.082536e-24
1.440222e+01 1.077792e-24
1.450215e+01 1.073170e-24
1.460278e+01 1.068667e-24
1.470410e+01 1.064280e-24
1.480613e+01 1.060005e-24
1.490886e+01 1.055838e-24
1.501231e+01 1.051777e-24
1.511647e+01 1.047818e-24
1.522136e+01 1.043959e-24
1.532698e+01 1.040195e-24
1.543332e+01 1.036526e-24
1.554041e+01 1.032947e-24
1.564824e+01 1.029456e-24
1.575682e+01 1.026051e-24
1.586615e+01 1.022729e-24
1.597624e+01 1.019487e-24
1.608709e+01 1.016324e-24
1.619871e+01 1.013236e-24
1.631111e+01 1.010222e-24
1.642429e+01 1.007280e-24
1.653825e+01 1.004407e-24
1.665300e+01 1.001601e-24
1.676855e+01 9.988610e-25
1.688490e+01 9.961843e-25
1.700206e+01 9.935694e-25
1.712003e+01 9.910143e-25
1.723882e+01 9.885174e-25
1.735843e+01 9.860771e-25
1.747888e+01 9.836916e-25
1.760016e+01 9.813594e-25
1.772228e+01 9.790791e-25
1.784525e+01 9.768490e-25
1.796907e+01 9.746679e-25
1.809375e+01 9.725343e-25
1.821929e+01 9.704468e-25
1.834571e+01 9.684043e-25
1.847301e+01 9.664053e-25
1.860118e+01 9.644487e-25
1.873025e+01 9.625334e-25
1.886021e+01 9.606581e-25
1.899108e+01 9.588218e-25
1.912285e+01 9.570234e-25
1.925554e+01 9.552618e-25
1.938914e+01 9.535361e-25
1.952368e+01 9.518452e-25
1.965914e+01 9.501882e-25
1.979555e+01 9.485643e-25
1.993291e+01 9.469725e-25
2.007121e+01 9.454119e-25
2.021048e+01 9.438818e-25
2.035071e+01 9.423812e-25
2.049192e+01 9.409095e-25
2.063410e+01 9.394659e-25
2.077728e+01 9.380496e-25
2.092144e+01 9.366599e-25
2.106661e+01 9.352962e-25
2.121278e+01 9.339577e-25
2.135997e+01 9.326438e-25
2.150818e+01 9.313539e-25
2.165742e+01 9.300874e-25
2.180769e+01 9.288436e-25
2.195900e+01 9.276221e-25
2.211137e+01 9.264222e-25
2.226479e+01 9.252434e-25
2.241928e+01 9.240851e-25
2.257484e+01 9.229470e-25
2.273148e+01 9.218284e-25
2.288920e+01 9.207289e-25
2.304802e+01 9.196481e-25
2.320794e+01 9.185855e-25
2.336898e+01 9.175406e-25
2.353112e+01 9.165130e-25
2.369440e+01 9.155023e-25
2.385880e+01 9.145082e-25
2.402435e+01 9.135301e-25
2.419105e+01 9.125679e-25
2.435890e+01 9.116210e-25
2.452792e+01 9.106891e-25
2.469811e+01 9.097719e-25
2.486948e+01 9.088691e-25
2.504204e+01 9.079803e-25
2.521580e+01 9.071052e-25
2.539076e+01 9.062435e-25
2.556694e+01 9.053949e-25
2.574434e+01 9.045591e-25
2.592297e+01 9.037359e-25
2.610284e+01 9.029249e-25
2.628396e+01 9.021259e-25
2.646633e+01 9.013386e-25
2.664997e+01 9.005628e-25
2.683488e+01 8.997982e-25
2.702108e+01 8.990447e-25
2.720857e+01 8.983019e-25
2.739736e+01 8.975696e-25
2.758746e+01 8.968477e-25
2.777888e+01 8.961359e-25
2.797163e+01 8.954340e-25
2.816571e+01 8.947418e-25
2.836114e+01 8.940591e-25
2.855793e+01 8.933857e-25
2.875609e+01 8.927214e-25
2.895561e+01 8.920661e-25
2.915653e+01 8.914196e-25
2.935883e+01 8.907816e-25
2.956254e+01 8.901521e-25
2.976767e+01 8.895308e-25
2.997421e+01 8.889177e-25
3.018219e+01 8.883125e-25
3.039162e+01 8.877151e-25
3.060249e+01 8.871254e-25
3.081483e+01 8.865432e-25
3.102864e+01 8.859683e-25
3.124394e+01 8.854007e-25
3.146073e+01 8.848402e-25
3.167902e+01 8.842867e-25
3.189883e+01 8.837400e-25
3.212017e+01 8.832001e-25
3.234304e+01 8.826667e-25
3.256745e+01 8.821398e-25
3.279343e+01 8.816194e-25
3.302097e+01 8.811051e-25
3.325009e+01 8.805970e-25
3.348080e+01 8.800950e-25
3.371311e+01 8.795989e-25
3.394703e+01 8.791087e-25
3.418258e+01 8.786241e-25
3.441976e+01 8.781453e-25
3.465859e+01 8.776719e-25
3.489907e+01 8.772041e-25
3.514122e+01 8.767416e-25
3.538505e+01 8.762843e-25
3.563058e+01 8.758323e-25
3.587780e+01 8.753853e-25
3.612675e+01 8.749434e-25
3.637742e+01 8.745065e-25
3.662983e+01 8.740743e-25
3.688399e+01 8.736470e-25
3.713991e+01 8.732244e-25
3.739761e+01 8.728064e-25
3.765710e+01 8.723930e-25
3.791839e+01 8.719840e-25
3.818149e+01 8.715795e-25
3.844642e+01 8.711794e-25
3.871318e+01 8.707835e-25
3.898180e+01 8.703918e-25
3.925228e+01 8.700043e-25
3.952464e+01 8.696209e-25
3.979889e+01 8.692416e-25
4.007503e+01 8.688662e-25
4.035310e+01 8.684947e-25
4.063310e+01 8.681270e-25
4.091503e+01 8.677632e-25
4.119893e+01 8.674031e-25
4.148479e+01 8.670467e-25
4.177264e+01 8.666940e-25
4.206249e+01 8.663448e-25
4.235434e+01 8.659992e-25
4.264822e+01 8.656570e-25
4.294414e+01 8.653183e-25
4.324212e+01 8.649830e-25
4.354216e+01 8.646509e-25
4.384428e+01 8.643222e-25
4.414850e+01 8.639968e-25
4.445483e+01 8.636745e-25
4.476329e+01 8.633554e-25
4.507388e+01 8.630394e-25
4.538663e+01 8.627264e-25
4.570155e+01 8.624165e-25
4.601866e+01 8.621096e-25
4.633797e+01 8.618057e-25
4.665949e+01 8.615046e-25
4.698324e+01 8.612064e-25
4.730924e+01 8.609110e-25
4.763750e+01 8.606184e-25
4.796804e+01 8.603286e-25
4.830087e+01 8.600415e-25
4.863602e+01 8.597571e-25
4.897348e+01 8.594753e-25
4.931329e+01 8.591961e-25
4.965546e+01 8.589195e-25
5.000000e+01 8.586455e-25
5.034693e+01 8.583740e-25
5.069627e+01 8.581049e-25
5.104803e+01 8.578383e-25
5.140224e+01 8.575741e-25
5.175890e+01 8.573123e-25
5.211803e+01 8.570528e-25
5.247966e+01 8.567957e-25
5.284380e+01 8.565409e-25
5.321046e+01 8.562883e-25
5.357967e+01 8.560380e-25
5.395144e+01 8.557899e-25
5.432579e+01 8.555439e-25
5.470274e+01 8.553002e-25
5.508230e+01 8.550585e-25
5.546449e+01 8.548189e-25
5.584934e+01 8.545815e-25
5.623686e+01 8.543460e-25
5.662707e+01 8.541126e-25
5.701998e+01 8.538812e-25
5.741562e+01 8.536518e-25
5.781401e+01 8.534243e-25
5.821516e+01 8.531987e-25
5.861909e+01 8.529751e-25
5.902583e+01 8.527533e-25
5.943538e+01 8.525334e-25
5.984779e+01 8.523153e-25
6.026305e+01 8.520990e-25
6.068119e+01 8.518845e-25
6.110223e+01 8.516718e-25
6.152620e+01 8.514608e-25
6.195311e+01 8.512515e-25
6.238298e+01 8.510440e-25
6.281583e+01 8.508381e-25
6.325169e+01 8.506339e-25
6.369057e+01 8.504313e-25
6.413249e+01 8.502303e-25
6.457748e+01 8.500310e-25
6.502556e+01 8.498332e-25
6.547675e+01 8.496370e-25
6.593107e+01 8.494424e-25
6.638854e+01 8.492492e-25
6.684919e+01 8.490576e-25
6.731303e+01 8.488675e-25
6.778009e+01 8.486788e-25
6.825039e+01 8.484916e-25
6.872395e+01 8.483058e-25
6.920080e+01 8.481215e-25
6.968096e+01 8.479385e-25
7.016445e+01 8.477569e-25
7.065130e+01 8.475767e-25
7.114152e+01 8.473978e-25
7.163515e+01 8.472203e-25
7.213220e+01 8.470441e-25
7.263270e+01 8.468692e-25
7.313667e+01 8.466956e-25
7.364414e+01 8.465232e-25
7.415513e+01 8.463521e-25
7.466966e+01 8.461823e-25
7.518777e+01 8.460136e-25
7.570947e+01 8.458462e-25
7.623479e+01 8.456800e-25
7.676375e+01 8.455149e-25
7.729639e+01 8.453510e-25
7.783272e+01 8.451883e-25
7.837277e+01 8.450267e-25
7.891657e+01 8.448662e-25
7.946414e+01 8.447068e-25
8.001552e+01 8.445485e-25
8.057071e+01 8.443913e-25
8.112976e+01 8.442352e-25
8.169269e+01 8.440801e-25
8.225953e+01 8.439260e-25
8.283030e+01 8.437730e-25
8.340503e+01 8.436209e-25
8.398374e+01 8.434699e-25
8.456648e+01 8.433199e-25
8.515325e+01 8.431708e-25
8.574410e+01 8.430227e-25
8.633905e+01 8.428755e-25
8.693812e+01 8.427293e-25
8.754135e+01 8.425840e-25
8.814877e+01 8.424396e-25
8.876040e+01 8.422961e-25
8.937628e+01 8.421535e-25
8.999643e+01 8.420117e-25
9.062088e+01 8.418708e-25
9.124966e+01 8.417308e-25
9.188281e+01 8.415916e-25
9.252035e+01 8.414532e-25
9.316232e+01 8.413156e-25
9.380873e+01 8.411788e-25
9.445964e+01 8.410429e-25
9.511506e+01 8.409077e-25
9.577503e+01 8.407732e-25
9.643958e+01 8.406396e-25
9.710873e+01 8.405066e-25
9.778254e+01 8.403744e-25
9.846101e+01 8.402429e-25
9.914420e+01 8.401122e-25
9.983212e+01 8.399821e-25
1.005248e+02 8.398527e-25
1.012223e+02 8.397240e-25
1.019247e+02 8.395960e-25
1.026319e+02 8.394686e-25
1.033440e+02 8.393419e-25
1.040611e+02 8.392158e-25
1.047831e+02 8.390903e-25
1.055102e+02 8.389654e-25
1.062423e+02 8.388412e-25
1.069794e+02 8.387175e-25
1.077217e+02 8.385944e-25
1.084692e+02 8.384719e-25
1.092218e+02 8.383499e-25
1.099797e+02 8.382285e-25
1.107428e+02 8.381077e-25
1.115112e+02 8.379873e-25
1.122849e+02 8.378675e-25
1.130640e+02 8.377482e-25
1.138485e+02 8.376294e-25
1.146385e+02 8.375111e-25
1.154339e+02 8.373932e-25
1.162349e+02 8.372759e-25
1.170414e+02 8.371590e-25
1.178535e+02 8.370425e-25
1.186712e+02 8.369265e-25
1.194946e+02 8.368109e-25
1.203238e+02 8.366957e-25
1.211586e+02 8.365810e-25
1.219993e+02 8.364666e-25
1.228458e+02 8.363526e-25
1.236982e+02 8.362390e-25
1.245565e+02 8.361258e-25
1.254208e+02 8.360129e-25
1.262910e+02 8.359004e-25
1.271673e+02 8.357882e-25
1.280497e+02 8.356764e-25
1.289381e+02 8.355649e-25
1.298328e+02 8.354537e-25
1.307337e+02 8.353427e-25
1.316408e+02 8.352321e-25
1.325542e+02 8.351218e-25
1.334739e+02 8.350117e-25
1.344001e+02 8.349019e-25
1.353326e+02 8.347923e-25
1.362716e+02 8.346830e-25
1.372172e+02 8.345739e-25
1.381693e+02 8.344651e-25
1.391280e+02 8.343564e-25
1.400933e+02 8.342480e-25
1.410654e+02 8.341397e-25
1.420442e+02 8.340316e-25
1.430298e+02 8.339237e-25
1.440222e+02 8.338160e-25
1.450215e+02 8.337084e-25
1.460278e+02 8.336010e-25
1.470410e+02 8.334937e-25
1.480613e+02 8.333865e-25
1.490886e+02 8.332795e-25
1.501231e+02 8.331725e-25
1.511647e+02 8.330657e-25
1.522136e+02 8.329589e-25
1.532698e+02 8.328523e-25
1.543332e+02 8.327457e-25
1.554041e+02 8.326391e-25
1.564824e+02 8.325327e-25
1.575682e+02 8.324262e-25
1.586615e+02 8.323199e-25
1.597624e+02 8.322135e-25
1.608709e+02 8.321073e-25
1.619871e+02 8.320010e-25
1.631111e+02 8.318948e-25
1.642429e+02 8.317886e-25
1.653825e+02 8.316825e-25
1.665300e+02 8.315765e-25
1.676855e+02 8.314705e-25
1.688490e+02 8.313646e-25
1.700206e+02 8.312589e-25
1.712003e+02 8.311535e-25
1.723882e+02 8.310484e-25
1.735843e+02 8.309438e-25
1.747888e+02 8.308399e-25
1.760016e+02 8.307373e-25
1.772228e+02 8.306365e-25
1.784525e+02 8.305390e-25
1.796907e+02 8.304472e-25
1.809375e+02 8.303666e-25
1.821929e+02 8.303110e-25
1.834571e+02 8.303244e-25
1.847301e+02 8.306168e-25
1.860118e+02 8.339752e-25
1.873025e+02 8.442852e-25
1.886021e+02 8.305519e-25
1.899108e+02 8.298062e-25
1.912285e+02 8.295397e-25
1.925554e+02 8.293683e-25
1.938914e+02 8.292277e-25
1.952368e+02 8.290997e-25
1.965914e+02 8.289778e-25
1.979555e+02 8.288590e-25
1.993291e+02 8.287418e-25
2.007121e+02 8.286255e-25
2.021048e+02 8.285097e-25
2.035071e+02 8.283941e-25
2.049192e+02 8.282784e-25
2.063410e+02 8.281625e-25
2.077728e+02 8.280465e-25
2.092144e+02 8.279301e-25
2.106661e+02 8.278133e-25
2.121278e+02 8.276962e-25
2.135997e+02 8.275786e-25
2.150818e+02 8.274605e-25
2.165742e+02 8.273420e-25
2.180769e+02 8.272229e-25
2.195900e+02 8.271033e-25
2.211137e+02 8.269831e-25
2.226479e+02 8.268623e-25
2.241928e+02 8.267410e-25
2.257484e+02 8.266190e-25
2.273148e+02 8.264964e-25
2.288920e+02 8.263731e-25
2.304802e+02 8.262491e-25
2.320794e+02 8.261245e-25
2.336898e+02 8.259992e-25
2.353112e+02 8.258731e-25
2.369440e+02 8.257463e-25
2.385880e+02 8.256187e-25
2.402435e+02 8.254903e-25
2.419105e+02 8.253612e-25
2.435890e+02 8.252312e-25
2.452792e+02 8.251004e-25
2.469811e+02 8.249688e-25
2.486948e+02 8.248363e-25
2.504204e+02 8.247029e-25
2.521580e+02 8.245686e-25
2.539076e+02 8.244334e-25
2.556694e+02 8.242972e-25
2.574434e+02 8.241601e-25
2.592297e+02 8.240220e-25
2.610284e+02 8.238829e-25
2.628396e+02 8.237427e-25
2.646633e+02 8.236016e-25
2.664997e+02 8.234593e-25
2.683488e+02 8.233160e-25
2.702108e+02 8.231716e-25
2.720857e+02 8.230261e-25
2.739736e+02 8.228794e-25
2.758746e+02 8.227316e-25
2.777888e+02 8.225826e-25
2.797163e+02 8.224324e-25
2.816571e+02 8.222809e-25
2.836114e+02 8.221283e-25
2.855793e+02 8.219743e-25
2.875609e+02 8.218190e-25
2.895561e+02 8.216625e-25
2.915653e+02 8.215045e-25
2.935883e+02 8.213453e-25
2.956254e+02 8.211846e-25
2.976767e+02 8.210225e-25
2.997421e+02 8.208590e-25
3.018219e+02 8.206941e-25
3.039162e+02 8.205276e-25
3.060249e+02 8.203596e-25
3.081483e+02 8.201901e-25
3.102864e+02 8.200191e-25
3.124394e+02 8.198465e-25
3.146073e+02 8.196722e-25
3.167902e+02 8.194963e-25
3.189883e+02 8.193188e-25
3.212017e+02 8.191395e-25
3.234304e+02 8.189586e-25
3.256745e+02 8.187759e-25
3.279343e+02 8.185914e-25
3.302097e+02 8.184051e-25
3.325009e+02 8.182170e-25
3.348080e+02 8.180271e-25
3.371311e+02 8.178352e-25
3.394703e+02 8.176415e-25
3.418258e+02 8.174458e-25
3.441976e+02 8.172481e-25
3.465859e+02 8.170484e-25
3.489907e+02 8.168468e-25
3.514122e+02 8.166431e-25
3.538505e+02 8.164373e-25
3.563058e+02 8.162295e-25
3.587780e+02 8.160197e-25
3.612675e+02 8.158080e-25
3.637742e+02 8.155947e-25
3.662983e+02 8.153808e-25
3.688399e+02 8.151706e-25
3.713991e+02 8.150036e-25
3.739761e+02 8.198194e-25
3.765710e+02 8.145262e-25
3.791839e+02 8.142651e-25
3.818149e+02 8.140272e-25
3.844642e+02 8.137910e-25
3.871318e+02 8.135535e-25
3.898180e+02 8.133138e-25
3.925228e+02 8.130718e-25
3.952464e+02 8.128272e-25
3.979889e+02 8.125800e-25
4.007503e+02 8.123301e-25
4.035310e+02 8.120775e-25
4.063310e+02 8.118220e-25
4.091503e+02 8.115636e-25
4.119893e+02 8.113024e-25
4.148479e+02 8.110382e-25
4.177264e+02 8.107710e-25
4.206249e+02 8.105008e-25
4.235434e+02 8.102275e-25
4.264822e+02 8.099511e-25
4.294414e+02 8.096715e-25
4.324212e+02 8.093887e-25
4.354216e+02 8.091026e-25
4.384428e+02 8.088132e-25
4.414850e+02 8.085205e-25
4.445483e+02 8.082243e-25
4.476329e+02 8.079247e-25
4.507388e+02 8.076216e-25
4.538663e+02 8.073150e-25
4.570155e+02 8.070048e-25
4.601866e+02 8.066909e-25
4.633797e+02 8.063733e-25
4.665949e+02 8.060520e-25
4.698324e+02 8.057269e-25
4.730924e+02 8.053979e-25
4.763750e+02 8.050651e-25
4.796804e+02 8.047282e-25
4.830087e+02 8.043874e-25
4.863602e+02 8.040425e-25
4.897348e+02 8.036935e-25
4.931329e+02 8.033403e-25
4.965546e+02 8.029828e-25
5.000000e+02 8.026211e-25
5.034693e+02 8.022550e-25
5.069627e+02 8.018845e-25
5.104803e+02 8.015096e-25
5.140224e+02 8.011301e-25
5.175890e+02 8.007460e-25
5.211803e+02 8.003573e-25
5.247966e+02 7.999639e-25
5.284380e+02 7.995657e-25
5.321046e+02 7.991627e-25
5.357967e+02 7.987548e-25
5.395144e+02 7.983420e-25
5.432579e+02 7.979242e-25
5.470274e+02 7.975014e-25
5.508230e+02 7.970738e-25
5.546449e+02 7.966425e-25
5.584934e+02 7.962272e-25
5.623686e+02 7.957894e-25
5.662707e+02 7.953101e-25
5.701998e+02 7.948530e-25
5.741562e+02 7.943918e-25
5.781401e+02 7.939253e-25
5.821516e+02 7.934532e-25
5.861909e+02 7.929754e-25
5.902583e+02 7.924917e-25
5.943538e+02 7.920021e-25
5.984779e+02 7.915065e-25
6.026305e+02 7.910048e-25
6.068119e+02 7.904970e-25
6.110223e+02 7.899828e-25
6.152620e+02 7.894624e-25
6.195311e+02 7.889356e-25
6.238298e+02 7.884022e-25
6.281583e+02 7.878623e-25
6.325169e+02 7.873158e-25
6.369057e+02 7.867625e-25
6.413249e+02 7.862024e-25
6.457748e+02 7.856354e-25
6.502556e+02 7.850615e-25
6.547675e+02 7.844804e-25
6.593107e+02 7.838922e-25
6.638854e+02 7.832968e-25
6.684919e+02 7.826941e-25
6.731303e+02 7.820839e-25
6.778009e+02 7.814662e-25
6.825039e+02 7.808409e-25
6.872395e+02 7.802080e-25
6.920080e+02 7.795672e-25
6.968096e+02 7.789186e-25
7.016445e+02 7.782620e-25
7.065130e+02 7.775974e-25
7.114152e+02 7.769246e-25
7.163515e+02 7.762436e-25
7.213220e+02 7.755543e-25
7.263270e+02 7.748565e-25
7.313667e+02 7.741503e-25
7.364414e+02 7.734355e-25
7.415513e+02 7.727128e-25
7.466966e+02 7.720849e-25
7.518777e+02 7.712396e-25
7.570947e+02 7.704873e-25
7.623479e+02 7.697274e-25
7.676375e+02 7.689585e-25
7.729639e+02 7.681803e-25
7.783272e+02 7.673926e-25
7.837277e+02 7.665954e-25
7.891657e+02 7.657886e-25
7.946414e+02 7.649720e-25
8.001552e+02 7.641456e-25
8.057071e+02 7.633092e-25
8.112976e+02 7.624628e-25
8.169269e+02 7.616062e-25
8.225953e+02 7.607393e-25
8.283030e+02 7.598620e-25
8.340503e+02 7.589742e-25
8.398374e+02 7.580759e-25
8.456648e+02 7.571668e-25
8.515325e+02 7.562469e-25
8.574410e+02 7.553161e-25
8.633905e+02 7.543742e-25
8.693812e+02 7.534213e-25
8.754135e+02 7.524570e-25
8.814877e+02 7.514814e-25
8.876040e+02 7.504944e-25
8.937628e+02 7.494957e-25
8.999643e+02 7.484854e-25
9.062088e+02 7.474633e-25
9.124966e+02 7.464294e-25
9.188281e+02 7.453834e-25
9.252035e+02 7.443255e-25
9.316232e+02 7.432587e-25
9.380873e+02 7.421737e-25
9.445964e+02 7.410772e-25
9.511506e+02 7.399694e-25
9.577503e+02 7.388491e-25
9.643958e+02 7.377160e-25
9.710873e+02 7.365701e-25
9.778254e+02 7.354112e-25
9.846101e+02 7.342393e-25
9.914420e+02 7.330542e-25
9.983212e+02 7.318559e-25
1.005248e+03 7.306442e-25
1.012223e+03 7.294190e-25
1.019247e+03 7.281803e-25
1.026319e+03 7.269280e-25
1.033440e+03 7.256620e-25
1.040611e+03 7.243821e-25
1.047831e+03 7.230883e-25
1.055102e+03 7.217805e-25
1.062423e+03 7.204586e-25
1.069794e+03 7.191226e-25
1.077217e+03 7.177724e-25
1.084692e+03 7.164078e-25
1.092218e+03 7.150288e-25
1.099797e+03 7.136354e-25
1.107428e+03 7.122276e-25
1.115112e+03 7.108054e-25
1.122849e+03 7.093751e-25
1.130640e+03 7.079250e-25
1.138485e+03 7.064639e-25
1.146385e+03 7.049881e-25
1.154339e+03 7.034976e-25
1.162349e+03 7.019922e-25
1.170414e+03 7.004720e-25
1.178535e+03 6.989369e-25
1.186712e+03 6.973869e-25
1.194946e+03 6.958219e-25
1.203238e+03 6.942476e-25
1.211586e+03 6.926585e-25
1.219993e+03 6.910544e-25
1.228458e+03 6.894355e-25
1.236982e+03 6.878017e-25
1.245565e+03 6.861531e-25
1.254208e+03 6.844896e-25
1.262910e+03 6.828114e-25
1.271673e+03 6.811185e-25
1.280497e+03 6.794109e-25
1.289381e+03 6.776887e-25
1.298328e+03 6.759520e-25
1.307337e+03 6.742804e-25
1.316408e+03 6.724354e-25
1.325542e+03 6.706556e-25
1.334739e+03 6.688618e-25
1.344001e+03 6.670540e-25
1.353326e+03 6.652324e-25
1.362716e+03 6.633971e-25
1.372172e+03 6.615484e-25
1.381693e+03 6.596863e-25
1.391280e+03 6.578112e-25
1.400933e+03 6.559232e-25
1.410654e+03 6.540225e-25
1.420442e+03 6.521095e-25
1.430298e+03 6.501843e-25
1.440222e+03 6.482473e-25
1.450215e+03 6.462987e-25
1.460278e+03 6.443390e-25
1.470410e+03 6.423684e-25
1.480613e+03 6.403873e-25
1.490886e+03 6.383970e-25
1.501231e+03 6.364015e-25
1.511647e+03 6.343971e-25
1.522136e+03 6.323841e-25
1.532698e+03 6.303629e-25
1.543332e+03 6.283339e-25
1.554041e+03 6.262978e-25
1.564824e+03 6.242550e-25
1.575682e+03 6.222063e-25
1.586615e+03 6.201522e-25
1.597624e+03 6.180933e-25
1.608709e+03 6.160305e-25
1.619871e+03 6.139644e-25
1.631111e+03 6.118958e-25
1.642429e+03 6.098254e-25
1.653825e+03 6.077542e-25
1.665300e+03 6.056831e-25
1.676855e+03 6.036131e-25
1.688490e+03 6.015445e-25
1.700206e+03 5.994790e-25
1.712003e+03 5.974175e-25
1.723882e+03 5.953610e-25
1.735843e+03 5.933107e-25
1.747888e+03 5.912678e-25
1.760016e+03 5.892334e-25
1.772228e+03 5.872090e-25
1.784525e+03 5.851958e-25
1.796907e+03 5.831952e-25
1.809375e+03 5.812086e-25
1.821929e+03 5.792376e-25
1.834571e+03 5.772838e-25
1.847301e+03 5.753486e-25
1.860118e+03 5.734339e-25
1.873025e+03 5.715414e-25
1.886021e+03 5.696725e-25
1.899108e+03 5.678296e-25
1.912285e+03 5.660144e-25
1.925554e+03 5.642288e-25
1.938914e+03 5.624749e-25
1.952368e+03 5.607548e-25
1.965914e+03 5.590707e-25
1.979555e+03 5.574248e-25
1.993291e+03 5.558194e-25
2.007121e+03 5.542569e-25
2.021048e+03 5.527396e-25
2.035071e+03 5.512701e-25
2.049192e+03 5.498510e-25
2.063410e+03 5.484846e-25
2.077728e+03 5.471739e-25
2.092144e+03 5.459215e-25
2.106661e+03 5.447302e-25
2.121278e+03 5.436028e-25
2.135997e+03 5.425422e-25
2.150818e+03 5.415514e-25
2.165742e+03 5.406332e-25
2.180769e+03 5.397908e-25
2.195900e+03 5.390272e-25
2.211137e+03 5.383455e-25
2.226479e+03 5.377488e-25
2.241928e+03 5.372418e-25
2.257484e+03 5.368230e-25
2.273148e+03 5.365002e-25
2.288920e+03 5.362752e-25
2.304802e+03 5.361510e-25
2.320794e+03 5.361310e-25
2.336898e+03 5.362182e-25
2.353112e+03 5.364158e-25
2.369440e+03 5.367269e-25
2.385880e+03 5.371547e-25
2.402435e+03 5.377022e-25
2.419105e+03 5.383725e-25
2.435890e+03 5.391685e-25
2.452792e+03 5.400930e-25
2.469811e+03 5.411490e-25
2.486948e+03 5.423392e-25
2.504204e+03 5.436663e-25
2.521580e+03 5.451328e-25
2.539076e+03 5.467412e-25
2.556694e+03 5.484939e-25
2.574434e+03 5.503932e-25
2.592297e+03 5.524412e-25
2.610284e+03 5.546400e-25
2.628396e+03 5.569912e-25
2.646633e+03 5.594969e-25
2.664997e+03 5.621585e-25
2.683488e+03 5.649776e-25
2.702108e+03 5.679555e-25
2.720857e+03 5.710933e-25
2.739736e+03 5.743920e-25
2.758746e+03 5.778525e-25
2.777888e+03 5.814755e-25
2.797163e+03 5.852617e-25
2.816571e+03 5.892112e-25
2.836114e+03 5.933243e-25
2.855793e+03 5.976013e-25
2.875609e+03 6.020418e-25
2.895561e+03 6.066458e-25
2.915653e+03 6.114128e-25
2.935883e+03 6.163421e-25
2.956254e+03 6.214333e-25
2.976767e+03 6.266853e-25
2.997421e+03 6.320972e-25
3.018219e+03 6.376678e-25
3.039162e+03 6.433958e-25
3.060249e+03 6.492799e-25
3.081483e+03 6.553184e-25
3.102864e+03 6.615097e-25
3.124394e+03 6.678520e-25
3.146073e+03 6.743432e-25
3.167902e+03 6.809815e-25
3.189883e+03 6.877645e-25
3.212017e+03 6.946899e-25
3.234304e+03 7.017555e-25
3.256745e+03 7.089586e-25
3.279343e+03 7.162966e-25
3.302097e+03 7.237668e-25
3.325009e+03 7.313663e-25
3.348080e+03 7.390922e-25
3.371311e+03 7.469416e-25
3.394703e+03 7.549111e-25
3.418258e+03 7.629977e-25
3.441976e+03 7.711979e-25
3.465859e+03 7.795084e-25
3.489907e+03 7.879257e-25
3.514122e+03 7.964461e-25
3.538505e+03 8.050659e-25
3.563058e+03 8.137813e-25
3.587780e+03 8.225885e-25
3.612675e+03 8.314835e-25
3.637742e+03 8.404622e-25
3.662983e+03 8.495204e-25
3.688399e+03 8.586538e-25
3.713991e+03 8.678582e-25
3.739761e+03 8.771290e-25
3.765710e+03 8.864618e-25
3.791839e+03 8.958518e-25
3.818149e+03 9.052943e-25
3.844642e+03 9.147845e-25
3.871318e+03 9.243173e-25
3.898180e+03 9.338878e-25
3.925228e+03 9.434908e-25
3.952464e+03 9.531209e-25
3.979889e+03 9.627728e-25
4.007503e+03 9.724410e-25
4.035310e+03 9.821199e-25
4.063310e+03 9.918038e-25
4.091503e+03 1.001487e-24
4.119893e+03 1.011163e-24
4.148479e+03 1.020826e-24
4.177264e+03 1.030470e-24
4.206249e+03 1.040088e-24
4.235434e+03 1.049674e-24
4.264822e+03 1.059222e-24
4.294414e+03 1.068724e-24
4.324212e+03 1.078174e-24
4.354216e+03 1.087565e-24
4.384428e+03 1.096889e-24
4.414850e+03 1.106139e-24
4.445483e+03 1.115309e-24
4.476329e+03 1.124390e-24
4.507388e+03 1.133375e-24
4.538663e+03 1.142255e-24
4.570155e+03 1.151023e-24
4.601866e+03 1.159670e-24
4.633797e+03 1.168187e-24
4.665949e+03 1.176568e-24
4.698324e+03 1.184802e-24
4.730924e+03 1.192881e-24
4.763750e+03 1.200795e-24
4.796804e+03 1.208537e-24
4.830087e+03 1.216096e-24
4.863602e+03 1.223464e-24
4.897348e+03 1.230629e-24
4.931329e+03 1.237583e-24
4.965546e+03 1.244316e-24
5.000000e+03 1.250818e-24
