5.000000e+00 7.351597e-24
5.034693e+00 7.113720e-24
5.069627e+00 6.887610e-24
5.104803e+00 6.672427e-24
5.140224e+00 6.467398e-24
5.175890e+00 6.271818e-24
5.211803e+00 6.085038e-24
5.247966e+00 5.906465e-24
5.284380e+00 5.735554e-24
5.321046e+00 5.571806e-24
5.357967e+00 5.414763e-24
5.395144e+00 5.264006e-24
5.432579e+00 5.119148e-24
5.470274e+00 4.979835e-24
5.508230e+00 4.845743e-24
5.546449e+00 4.716571e-24
5.584934e+00 4.592043e-24
5.623686e+00 4.471906e-24
5.662707e+00 4.355925e-24
5.701998e+00 4.243884e-24
5.741562e+00 4.135584e-24
5.781401e+00 4.030838e-24
5.821516e+00 3.929476e-24
5.861909e+00 3.831338e-24
5.902583e+00 3.735277e-24
5.943538e+00 3.641252e-24
5.984779e+00 3.550180e-24
6.026305e+00 3.461936e-24
6.068119e+00 3.376402e-24
6.110223e+00 3.293464e-24
6.152620e+00 3.213020e-24
6.195311e+00 3.134971e-24
6.238298e+00 3.059224e-24
6.281583e+00 2.985692e-24
6.325169e+00 2.914293e-24
6.369057e+00 2.844950e-24
6.413249e+00 2.777587e-24
6.457748e+00 2.712136e-24
6.502556e+00 2.648529e-24
6.547675e+00 2.586704e-24
6.593107e+00 2.526601e-24
6.638854e+00 2.468163e-24
6.684919e+00 2.410511e-24
6.731303e+00 2.354428e-24
6.778009e+00 2.299886e-24
6.825039e+00 2.246837e-24
6.872395e+00 2.195233e-24
6.920080e+00 2.145030e-24
6.968096e+00 2.096186e-24
7.016445e+00 2.048657e-24
7.065130e+00 2.002406e-24
7.114152e+00 1.957394e-24
7.163515e+00 1.913583e-24
7.213220e+00 1.870938e-24
7.263270e+00 1.829426e-24
7.313667e+00 1.789012e-24
7.364414e+00 1.749666e-24
7.415513e+00 1.711355e-24
7.466966e+00 1.674051e-24
7.518777e+00 1.637723e-24
7.570947e+00 1.602345e-24
7.623479e+00 1.567890e-24
7.676375e+00 1.534330e-24
7.729639e+00 1.501641e-24
7.783272e+00 1.469798e-24
7.837277e+00 1.438777e-24
7.891657e+00 1.408555e-24
7.946414e+00 1.379110e-24
8.001552e+00 1.350420e-24
8.057071e+00 1.322464e-24
8.112976e+00 1.295222e-24
8.169269e+00 1.268674e-24
8.225953e+00 1.242800e-24
8.283030e+00 1.217583e-24
8.340503e+00 1.193003e-24
8.398374e+00 1.169044e-24
8.456648e+00 1.145688e-24
8.515325e+00 1.122919e-24
8.574410e+00 1.100721e-24
8.633905e+00 1.079078e-24
8.693812e+00 1.057975e-24
8.754135e+00 1.037398e-24
8.814877e+00 1.017332e-24
8.876040e+00 9.977642e-25
8.937628e+00 9.786800e-25
8.999643e+00 9.600668e-25
9.062088e+00 9.419120e-25
9.124966e+00 9.242034e-25
9.188281e+00 9.069289e-25
9.252035e+00 8.900771e-25
9.316232e+00 8.736366e-25
9.380873e+00 8.575966e-25
9.445964e+00 8.419464e-25
9.511506e+00 8.266758e-25
9.577503e+00 8.117746e-25
9.643958e+00 7.972333e-25
9.710873e+00 7.830424e-25
9.778254e+00 7.691926e-25
9.846101e+00 7.556751e-25
9.914420e+00 7.424812e-25
9.983212e+00 7.296025e-25
1.005248e+01 7.173368e-25
1.012223e+01 7.054483e-25
1.019247e+01 6.938291e-25
1.026319e+01 6.824725e-25
1.033440e+01 6.713722e-25
1.040611e+01 6.605217e-25
1.047831e+01 6.499150e-25
1.055102e+01 6.395462e-25
1.062423e+01 6.294095e-25
1.069794e+01 6.194992e-25
1.077217e+01 6.098099e-25
1.084692e+01 6.003363e-25
1.092218e+01 5.910731e-25
1.099797e+01 5.820153e-25
1.107428e+01 5.731580e-25
1.115112e+01 5.644964e-25
1.122849e+01 5.560259e-25
1.130640e+01 5.477419e-25
1.138485e+01 5.396400e-25
1.146385e+01 5.317158e-25
1.154339e+01 5.239653e-25
1.162349e+01 5.163843e-25
1.170414e+01 5.089688e-25
1.178535e+01 5.017149e-25
1.186712e+01 4.946190e-25
1.194946e+01 4.876772e-25
1.203238e+01 4.808861e-25
1.211586e+01 4.742420e-25
1.219993e+01 4.677416e-25
1.228458e+01 4.613817e-25
1.236982e+01 4.551588e-25
1.245565e+01 4.490699e-25
1.254208e+01 4.431119e-25
1.262910e+01 4.372818e-25
1.271673e+01 4.315767e-25
1.280497e+01 4.259936e-25
1.289381e+01 4.205299e-25
1.298328e+01 4.151827e-25
1.307337e+01 4.099494e-25
1.316408e+01 4.048275e-25
1.325542e+01 3.998144e-25
1.334739e+01 3.949076e-25
1.344001e+01 3.901047e-25
1.353326e+01 3.854034e-25
1.362716e+01 3.808014e-25
1.372172e+01 3.762964e-25
1.381693e+01 3.718862e-25
1.391280e+01 3.675688e-25
1.400933e+01 3.633420e-25
1.410654e+01 3.592038e-25
1.420442e+01 3.551522e-25
1.430298e+01 3.511852e-25
1.440222e+01 3.473010e-25
1.450215e+01 3.434977e-25
1.460278e+01 3.397735e-25
1.470410e+01 3.361266e-25
1.480613e+01 3.325553e-25
1.490886e+01 3.290579e-25
1.501231e+01 3.256328e-25
1.511647e+01 3.222784e-25
1.522136e+01 3.189930e-25
1.532698e+01 3.157751e-25
1.543332e+01 3.126233e-25
1.554041e+01 3.095360e-25
1.564824e+01 3.065119e-25
1.575682e+01 3.035494e-25
1.586615e+01 3.006474e-25
1.597624e+01 2.978043e-25
1.608709e+01 2.950189e-25
1.619871e+01 2.922900e-25
1.631111e+01 2.896162e-25
1.642429e+01 2.869964e-25
1.653825e+01 2.844293e-25
1.665300e+01 2.819138e-25
1.676855e+01 2.794487e-25
1.688490e+01 2.770329e-25
1.700206e+01 2.746653e-25
1.712003e+01 2.723449e-25
1.723882e+01 2.700706e-25
1.735843e+01 2.678414e-25
1.747888e+01 2.656563e-25
1.760016e+01 2.635143e-25
1.772228e+01 2.614144e-25
1.784525e+01 2.593558e-25
1.796907e+01 2.573374e-25
1.809375e+01 2.553585e-25
1.821929e+01 2.534181e-25
1.834571e+01 2.515154e-25
1.847301e+01 2.496495e-25
1.860118e+01 2.478197e-25
1.873025e+01 2.460251e-25
1.886021e+01 2.442650e-25
1.899108e+01 2.425385e-25
1.912285e+01 2.408450e-25
1.925554e+01 2.391837e-25
1.938914e+01 2.375539e-25
1.952368e+01 2.359549e-25
1.965914e+01 2.343860e-25
1.979555e+01 2.328465e-25
1.993291e+01 2.313358e-25
2.007121e+01 2.298533e-25
2.021048e+01 2.283983e-25
2.035071e+01 2.269702e-25
2.049192e+01 2.255685e-25
2.063410e+01 2.241924e-25
2.077728e+01 2.228415e-25
2.092144e+01 2.215152e-25
2.106661e+01 2.202130e-25
2.121278e+01 2.189343e-25
2.135997e+01 2.176785e-25
2.150818e+01 2.164452e-25
2.165742e+01 2.152340e-25
2.180769e+01 2.140442e-25
2.195900e+01 2.128754e-25
2.211137e+01 2.117271e-25
2.226479e+01 2.105989e-25
2.241928e+01 2.094904e-25
2.257484e+01 2.084011e-25
2.273148e+01 2.073305e-25
2.288920e+01 2.062783e-25
2.304802e+01 2.052440e-25
2.320794e+01 2.042273e-25
2.336898e+01 2.032278e-25
2.353112e+01 2.022450e-25
2.369440e+01 2.012786e-25
2.385880e+01 2.003282e-25
2.402435e+01 1.993936e-25
2.419105e+01 1.984742e-25
2.435890e+01 1.975699e-25
2.452792e+01 1.966802e-25
2.469811e+01 1.958049e-25
2.486948e+01 1.949436e-25
2.504204e+01 1.940960e-25
2.521580e+01 1.932618e-25
2.539076e+01 1.924407e-25
2.556694e+01 1.916325e-25
2.574434e+01 1.908368e-25
2.592297e+01 1.900533e-25
2.610284e+01 1.892819e-25
2.628396e+01 1.885222e-25
2.646633e+01 1.877740e-25
2.664997e+01 1.870370e-25
2.683488e+01 1.863111e-25
2.702108e+01 1.855959e-25
2.720857e+01 1.848912e-25
2.739736e+01 1.841968e-25
2.758746e+01 1.835125e-25
2.777888e+01 1.828380e-25
2.797163e+01 1.821732e-25
2.816571e+01 1.815179e-25
2.836114e+01 1.808718e-25
2.855793e+01 1.802348e-25
2.875609e+01 1.796066e-25
2.895561e+01 1.789871e-25
2.915653e+01 1.783761e-25
2.935883e+01 1.777735e-25
2.956254e+01 1.771790e-25
2.976767e+01 1.765924e-25
2.997421e+01 1.760137e-25
3.018219e+01 1.754427e-25
3.039162e+01 1.748792e-25
3.060249e+01 1.743230e-25
3.081483e+01 1.737741e-25
3.102864e+01 1.732322e-25
3.124394e+01 1.726973e-25
3.146073e+01 1.721691e-25
3.167902e+01 1.716477e-25
3.189883e+01 1.711327e-25
3.212017e+01 1.706242e-25
3.234304e+01 1.701220e-25
3.256745e+01 1.696259e-25
3.279343e+01 1.691359e-25
3.302097e+01 1.686518e-25
3.325009e+01 1.681736e-25
3.348080e+01 1.677011e-25
3.371311e+01 1.672342e-25
3.394703e+01 1.667729e-25
3.418258e+01 1.663170e-25
3.441976e+01 1.658664e-25
3.465859e+01 1.654210e-25
3.489907e+01 1.649808e-25
3.514122e+01 1.645457e-25
3.538505e+01 1.641155e-25
3.563058e+01 1.636903e-25
3.587780e+01 1.632698e-25
3.612675e+01 1.628541e-25
3.637742e+01 1.624430e-25
3.662983e+01 1.620365e-25
3.688399e+01 1.616346e-25
3.713991e+01 1.612370e-25
3.739761e+01 1.608439e-25
3.765710e+01 1.604550e-25
3.791839e+01 1.600704e-25
3.818149e+01 1.596900e-25
3.844642e+01 1.593137e-25
3.871318e+01 1.589414e-25
3.898180e+01 1.585732e-25
3.925228e+01 1.582089e-25
3.952464e+01 1.578485e-25
3.979889e+01 1.574920e-25
4.007503e+01 1.571392e-25
4.035310e+01 1.567902e-25
4.063310e+01 1.564449e-25
4.091503e+01 1.561032e-25
4.119893e+01 1.557651e-25
4.148479e+01 1.554306e-25
4.177264e+01 1.550997e-25
4.206249e+01 1.547722e-25
4.235434e+01 1.544481e-25
4.264822e+01 1.541274e-25
4.294414e+01 1.538101e-25
4.324212e+01 1.534962e-25
4.354216e+01 1.531855e-25
4.384428e+01 1.528781e-25
4.414850e+01 1.525739e-25
4.445483e+01 1.522729e-25
4.476329e+01 1.519751e-25
4.507388e+01 1.516804e-25
4.538663e+01 1.513889e-25
4.570155e+01 1.511004e-25
4.601866e+01 1.508149e-25
4.633797e+01 1.505325e-25
4.665949e+01 1.502531e-25
4.698324e+01 1.499767e-25
4.730924e+01 1.497033e-25
4.763750e+01 1.494328e-25
4.796804e+01 1.491652e-25
4.830087e+01 1.489005e-25
4.863602e+01 1.486386e-25
4.897348e+01 1.483797e-25
4.931329e+01 1.481236e-25
4.965546e+01 1.478703e-25
5.000000e+01 1.476198e-25
5.034693e+01 1.473721e-25
5.069627e+01 1.471272e-25
5.104803e+01 1.468850e-25
5.140224e+01 1.466457e-25
5.175890e+01 1.464090e-25
5.211803e+01 1.461751e-25
5.247966e+01 1.459439e-25
5.284380e+01 1.457154e-25
5.321046e+01 1.454896e-25
5.357967e+01 1.452665e-25
5.395144e+01 1.450460e-25
5.432579e+01 1.448282e-25
5.470274e+01 1.446131e-25
5.508230e+01 1.444007e-25
5.546449e+01 1.441909e-25
5.584934e+01 1.439837e-25
5.623686e+01 1.437792e-25
5.662707e+01 1.435773e-25
5.701998e+01 1.433781e-25
5.741562e+01 1.431815e-25
5.781401e+01 1.429875e-25
5.821516e+01 1.427961e-25
5.861909e+01 1.426073e-25
5.902583e+01 1.424212e-25
5.943538e+01 1.422377e-25
5.984779e+01 1.420568e-25
6.026305e+01 1.418785e-25
6.068119e+01 1.417028e-25
6.110223e+01 1.415297e-25
6.152620e+01 1.413593e-25
6.195311e+01 1.411915e-25
6.238298e+01 1.410263e-25
6.281583e+01 1.408637e-25
6.325169e+01 1.407038e-25
6.369057e+01 1.405465e-25
6.413249e+01 1.403918e-25
6.457748e+01 1.402398e-25
6.502556e+01 1.400904e-25
6.547675e+01 1.399437e-25
6.593107e+01 1.397996e-25
6.638854e+01 1.396582e-25
6.684919e+01 1.395195e-25
6.731303e+01 1.393835e-25
6.778009e+01 1.392501e-25
6.825039e+01 1.391195e-25
6.872395e+01 1.389915e-25
6.920080e+01 1.388663e-25
6.968096e+01 1.387437e-25
7.016445e+01 1.386240e-25
7.065130e+01 1.385069e-25
7.114152e+01 1.383926e-25
7.163515e+01 1.382811e-25
7.213220e+01 1.381723e-25
7.263270e+01 1.380664e-25
7.313667e+01 1.379632e-25
7.364414e+01 1.378628e-25
7.415513e+01 1.377653e-25
7.466966e+01 1.376706e-25
7.518777e+01 1.375787e-25
7.570947e+01 1.374897e-25
7.623479e+01 1.374036e-25
7.676375e+01 1.373204e-25
7.729639e+01 1.372401e-25
7.783272e+01 1.371627e-25
7.837277e+01 1.370883e-25
7.891657e+01 1.370168e-25
7.946414e+01 1.369483e-25
8.001552e+01 1.368827e-25
8.057071e+01 1.368202e-25
8.112976e+01 1.367607e-25
8.169269e+01 1.367043e-25
8.225953e+01 1.366509e-25
8.283030e+01 1.366005e-25
8.340503e+01 1.365533e-25
8.398374e+01 1.365092e-25
8.456648e+01 1.364682e-25
8.515325e+01 1.364304e-25
8.574410e+01 1.363958e-25
8.633905e+01 1.363644e-25
8.693812e+01 1.363361e-25
8.754135e+01 1.363112e-25
8.814877e+01 1.362894e-25
8.876040e+01 1.362710e-25
8.937628e+01 1.362559e-25
8.999643e+01 1.362441e-25
9.062088e+01 1.362356e-25
9.124966e+01 1.362305e-25
9.188281e+01 1.362289e-25
9.252035e+01 1.362306e-25
9.316232e+01 1.362358e-25
9.380873e+01 1.362445e-25
9.445964e+01 1.362566e-25
9.511506e+01 1.362723e-25
9.577503e+01 1.362915e-25
9.643958e+01 1.363143e-25
9.710873e+01 1.363407e-25
9.778254e+01 1.363708e-25
9.846101e+01 1.364044e-25
9.914420e+01 1.364418e-25
9.983212e+01 1.364829e-25
1.005248e+02 1.365277e-25
1.012223e+02 1.365762e-25
1.019247e+02 1.366286e-25
1.026319e+02 1.366847e-25
1.033440e+02 1.367447e-25
1.040611e+02 1.368086e-25
1.047831e+02 1.368764e-25
1.055102e+02 1.369482e-25
1.062423e+02 1.370239e-25
1.069794e+02 1.371035e-25
1.077217e+02 1.371873e-25
1.084692e+02 1.372750e-25
1.092218e+02 1.373669e-25
1.099797e+02 1.374629e-25
1.107428e+02 1.375630e-25
1.115112e+02 1.376673e-25
1.122849e+02 1.377758e-25
1.130640e+02 1.378885e-25
1.138485e+02 1.380056e-25
1.146385e+02 1.381269e-25
1.154339e+02 1.382526e-25
1.162349e+02 1.383827e-25
1.170414e+02 1.385171e-25
1.178535e+02 1.386560e-25
1.186712e+02 1.387994e-25
1.194946e+02 1.389473e-25
1.203238e+02 1.390997e-25
1.211586e+02 1.392567e-25
1.219993e+02 1.394183e-25
1.228458e+02 1.395846e-25
1.236982e+02 1.397556e-25
1.245565e+02 1.399312e-25
1.254208e+02 1.401116e-25
1.262910e+02 1.402968e-25
1.271673e+02 1.404868e-25
1.280497e+02 1.406817e-25
1.289381e+02 1.408814e-25
1.298328e+02 1.410861e-25
1.307337e+02 1.412958e-25
1.316408e+02 1.415104e-25
1.325542e+02 1.417301e-25
1.334739e+02 1.419549e-25
1.344001e+02 1.421847e-25
1.353326e+02 1.424197e-25
1.362716e+02 1.426600e-25
1.372172e+02 1.429054e-25
1.381693e+02 1.431561e-25
1.391280e+02 1.434120e-25
1.400933e+02 1.436733e-25
1.410654e+02 1.439400e-25
1.420442e+02 1.442121e-25
1.430298e+02 1.444897e-25
1.440222e+02 1.447727e-25
1.450215e+02 1.450612e-25
1.460278e+02 1.453554e-25
1.470410e+02 1.456551e-25
1.480613e+02 1.459604e-25
1.490886e+02 1.462715e-25
1.501231e+02 1.465883e-25
1.511647e+02 1.469108e-25
1.522136e+02 1.472391e-25
1.532698e+02 1.475733e-25
1.543332e+02 1.479134e-25
1.554041e+02 1.482593e-25
1.564824e+02 1.486113e-25
1.575682e+02 1.489693e-25
1.586615e+02 1.493333e-25
1.597624e+02 1.497034e-25
1.608709e+02 1.500797e-25
1.619871e+02 1.504622e-25
1.631111e+02 1.508510e-25
1.642429e+02 1.512461e-25
1.653825e+02 1.516475e-25
1.665300e+02 1.520554e-25
1.676855e+02 1.524699e-25
1.688490e+02 1.528910e-25
1.700206e+02 1.533188e-25
1.712003e+02 1.537535e-25
1.723882e+02 1.541953e-25
1.735843e+02 1.546444e-25
1.747888e+02 1.551014e-25
1.760016e+02 1.555666e-25
1.772228e+02 1.560412e-25
1.784525e+02 1.565270e-25
1.796907e+02 1.570271e-25
1.809375e+02 1.575489e-25
1.821929e+02 1.581104e-25
1.834571e+02 1.587687e-25
1.847301e+02 1.597961e-25
1.860118e+02 1.647456e-25
1.873025e+02 1.779825e-25
1.886021e+02 1.616854e-25
1.899108e+02 1.614001e-25
1.912285e+02 1.617396e-25
1.925554e+02 1.622095e-25
1.938914e+02 1.627266e-25
1.952368e+02 1.632677e-25
1.965914e+02 1.638242e-25
1.979555e+02 1.643924e-25
1.993291e+02 1.649706e-25
2.007121e+02 1.655578e-25
2.021048e+02 1.661534e-25
2.035071e+02 1.667572e-25
2.049192e+02 1.673689e-25
2.063410e+02 1.679885e-25
2.077728e+02 1.686160e-25
2.092144e+02 1.692512e-25
2.106661e+02 1.698942e-25
2.121278e+02 1.705449e-25
2.135997e+02 1.712035e-25
2.150818e+02 1.718699e-25
2.165742e+02 1.725441e-25
2.180769e+02 1.732261e-25
2.195900e+02 1.739161e-25
2.211137e+02 1.746139e-25
2.226479e+02 1.753198e-25
2.241928e+02 1.760336e-25
2.257484e+02 1.767555e-25
2.273148e+02 1.774854e-25
2.288920e+02 1.782234e-25
2.304802e+02 1.789696e-25
2.320794e+02 1.797239e-25
2.336898e+02 1.804864e-25
2.353112e+02 1.812572e-25
2.369440e+02 1.820363e-25
2.385880e+02 1.828237e-25
2.402435e+02 1.836195e-25
2.419105e+02 1.844237e-25
2.435890e+02 1.852363e-25
2.452792e+02 1.860574e-25
2.469811e+02 1.868871e-25
2.486948e+02 1.877253e-25
2.504204e+02 1.885721e-25
2.521580e+02 1.894275e-25
2.539076e+02 1.902916e-25
2.556694e+02 1.911645e-25
2.574434e+02 1.920461e-25
2.592297e+02 1.929364e-25
2.610284e+02 1.938357e-25
2.628396e+02 1.947438e-25
2.646633e+02 1.956608e-25
2.664997e+02 1.965868e-25
2.683488e+02 1.975217e-25
2.702108e+02 1.984657e-25
2.720857e+02 1.994188e-25
2.739736e+02 2.003810e-25
2.758746e+02 2.013523e-25
2.777888e+02 2.023329e-25
2.797163e+02 2.033226e-25
2.816571e+02 2.043217e-25
2.836114e+02 2.053300e-25
2.855793e+02 2.063477e-25
2.875609e+02 2.073748e-25
2.895561e+02 2.084113e-25
2.915653e+02 2.094573e-25
2.935883e+02 2.105129e-25
2.956254e+02 2.115779e-25
2.976767e+02 2.126526e-25
2.997421e+02 2.137369e-25
3.018219e+02 2.148308e-25
3.039162e+02 2.159345e-25
3.060249e+02 2.170479e-25
3.081483e+02 2.181711e-25
3.102864e+02 2.193042e-25
3.124394e+02 2.204471e-25
3.146073e+02 2.215999e-25
3.167902e+02 2.227627e-25
3.189883e+02 2.239354e-25
3.212017e+02 2.251182e-25
3.234304e+02 2.263111e-25
3.256745e+02 2.275141e-25
3.279343e+02 2.287272e-25
3.302097e+02 2.299506e-25
3.325009e+02 2.311841e-25
3.348080e+02 2.324280e-25
3.371311e+02 2.336821e-25
3.394703e+02 2.349466e-25
3.418258e+02 2.362215e-25
3.441976e+02 2.375069e-25
3.465859e+02 2.388027e-25
3.489907e+02 2.401091e-25
3.514122e+02 2.414260e-25
3.538505e+02 2.427535e-25
3.563058e+02 2.440918e-25
3.587780e+02 2.454409e-25
3.612675e+02 2.468009e-25
3.637742e+02 2.481722e-25
3.662983e+02 2.495556e-25
3.688399e+02 2.509547e-25
3.713991e+02 2.524013e-25
3.739761e+02 2.578395e-25
3.765710e+02 2.552169e-25
3.791839e+02 2.566265e-25
3.818149e+02 2.580677e-25
3.844642e+02 2.595233e-25
3.871318e+02 2.609909e-25
3.898180e+02 2.624701e-25
3.925228e+02 2.639606e-25
3.952464e+02 2.654624e-25
3.979889e+02 2.669755e-25
4.007503e+02 2.684999e-25
4.035310e+02 2.700356e-25
4.063310e+02 2.715827e-25
4.091503e+02 2.731412e-25
4.119893e+02 2.747111e-25
4.148479e+02 2.762924e-25
4.177264e+02 2.778853e-25
4.206249e+02 2.794896e-25
4.235434e+02 2.811055e-25
4.264822e+02 2.827330e-25
4.294414e+02 2.843721e-25
4.324212e+02 2.860228e-25
4.354216e+02 2.876853e-25
4.384428e+02 2.893594e-25
4.414850e+02 2.910453e-25
4.445483e+02 2.927430e-25
4.476329e+02 2.944524e-25
4.507388e+02 2.961738e-25
4.538663e+02 2.979069e-25
4.570155e+02 2.996520e-25
4.601866e+02 3.014090e-25
4.633797e+02 3.031780e-25
4.665949e+02 3.049589e-25
4.698324e+02 3.067519e-25
4.730924e+02 3.085569e-25
4.763750e+02 3.103739e-25
4.796804e+02 3.122031e-25
4.830087e+02 3.140443e-25
4.863602e+02 3.158977e-25
4.897348e+02 3.177633e-25
4.931329e+02 3.196410e-25
4.965546e+02 3.215309e-25
5.000000e+02 3.234331e-25
5.034693e+02 3.253475e-25
5.069627e+02 3.272741e-25
5.104803e+02 3.292131e-25
5.140224e+02 3.311643e-25
5.175890e+02 3.331278e-25
5.211803e+02 3.351037e-25
5.247966e+02 3.370919e-25
5.284380e+02 3.390925e-25
5.321046e+02 3.411055e-25
5.357967e+02 3.431308e-25
5.395144e+02 3.451686e-25
5.432579e+02 3.472187e-25
5.470274e+02 3.492814e-25
5.508230e+02 3.513567e-25
5.546449e+02 3.534452e-25
5.584934e+02 3.555580e-25
5.623686e+02 3.576737e-25
5.662707e+02 3.597817e-25
5.701998e+02 3.619175e-25
5.741562e+02 3.640667e-25
5.781401e+02 3.662285e-25
5.821516e+02 3.684027e-25
5.861909e+02 3.705894e-25
5.902583e+02 3.727886e-25
5.943538e+02 3.750001e-25
5.984779e+02 3.772240e-25
6.026305e+02 3.794603e-25
6.068119e+02 3.817089e-25
6.110223e+02 3.839699e-25
6.152620e+02 3.862432e-25
6.195311e+02 3.885288e-25
6.238298e+02 3.908267e-25
6.281583e+02 3.931369e-25
6.325169e+02 3.954593e-25
6.369057e+02 3.977939e-25
6.413249e+02 4.001407e-25
6.457748e+02 4.024996e-25
6.502556e+02 4.048706e-25
6.547675e+02 4.072537e-25
6.593107e+02 4.096489e-25
6.638854e+02 4.120560e-25
6.684919e+02 4.144750e-25
6.731303e+02 4.169060e-25
6.778009e+02 4.193488e-25
6.825039e+02 4.218034e-25
6.872395e+02 4.242698e-25
6.920080e+02 4.267478e-25
6.968096e+02 4.292375e-25
7.016445e+02 4.317387e-25
7.065130e+02 4.342514e-25
7.114152e+02 4.367755e-25
7.163515e+02 4.393110e-25
7.213220e+02 4.418578e-25
7.263270e+02 4.444158e-25
7.313667e+02 4.469869e-25
7.364414e+02 4.495698e-25
7.415513e+02 4.521640e-25
7.466966e+02 4.548129e-25
7.518777e+02 4.573841e-25
7.570947e+02 4.600092e-25
7.623479e+02 4.626455e-25
7.676375e+02 4.652922e-25
7.729639e+02 4.679493e-25
7.783272e+02 4.706170e-25
7.837277e+02 4.732969e-25
7.891657e+02 4.759866e-25
7.946414e+02 4.786862e-25
8.001552e+02 4.813954e-25
8.057071e+02 4.841141e-25
8.112976e+02 4.868422e-25
8.169269e+02 4.895795e-25
8.225953e+02 4.923259e-25
8.283030e+02 4.950812e-25
8.340503e+02 4.978452e-25
8.398374e+02 5.006178e-25
8.456648e+02 5.033988e-25
8.515325e+02 5.061880e-25
8.574410e+02 5.089852e-25
8.633905e+02 5.117903e-25
8.693812e+02 5.146031e-25
8.754135e+02 5.174233e-25
8.814877e+02 5.202507e-25
8.876040e+02 5.230852e-25
8.937628e+02 5.259264e-25
8.999643e+02 5.287743e-25
9.062088e+02 5.316285e-25
9.124966e+02 5.344888e-25
9.188281e+02 5.373550e-25
9.252035e+02 5.402268e-25
9.316232e+02 5.431051e-25
9.380873e+02 5.459865e-25
9.445964e+02 5.488731e-25
9.511506e+02 5.517645e-25
9.577503e+02 5.546602e-25
9.643958e+02 5.575599e-25
9.710873e+02 5.604637e-25
9.778254e+02 5.633722e-25
9.846101e+02 5.662837e-25
9.914420e+02 5.691979e-25
9.983212e+02 5.721144e-25
1.005248e+03 5.750328e-25
1.012223e+03 5.779528e-25
1.019247e+03 5.808741e-25
1.026319e+03 5.837962e-25
1.033440e+03 5.867188e-25
1.040611e+03 5.896415e-25
1.047831e+03 5.925639e-25
1.055102e+03 5.954856e-25
1.062423e+03 5.984061e-25
1.069794e+03 6.013250e-25
1.077217e+03 6.042419e-25
1.084692e+03 6.071564e-25
1.092218e+03 6.100679e-25
1.099797e+03 6.129760e-25
1.107428e+03 6.158802e-25
1.115112e+03 6.187801e-25
1.122849e+03 6.216760e-25
1.130640e+03 6.245644e-25
1.138485e+03 6.274479e-25
1.146385e+03 6.303250e-25
1.154339e+03 6.331950e-25
1.162349e+03 6.360574e-25
1.170414e+03 6.389116e-25
1.178535e+03 6.417570e-25
1.186712e+03 6.445930e-25
1.194946e+03 6.474190e-25
1.203238e+03 6.502344e-25
1.211586e+03 6.530385e-25
1.219993e+03 6.558307e-25
1.228458e+03 6.586102e-25
1.236982e+03 6.613765e-25
1.245565e+03 6.641287e-25
1.254208e+03 6.668663e-25
1.262910e+03 6.695884e-25
1.271673e+03 6.722943e-25
1.280497e+03 6.749832e-25
1.289381e+03 6.776544e-25
1.298328e+03 6.803072e-25
1.307337e+03 6.829602e-25
1.316408e+03 6.855538e-25
1.325542e+03 6.881460e-25
1.334739e+03 6.907165e-25
1.344001e+03 6.932642e-25
1.353326e+03 6.957883e-25
1.362716e+03 6.982879e-25
1.372172e+03 7.007621e-25
1.381693e+03 7.032099e-25
1.391280e+03 7.056304e-25
1.400933e+03 7.080227e-25
1.410654e+03 7.103856e-25
1.420442e+03 7.127182e-25
1.430298e+03 7.150196e-25
1.440222e+03 7.172885e-25
1.450215e+03 7.195240e-25
1.460278e+03 7.217250e-25
1.470410e+03 7.238903e-25
1.480613e+03 7.260189e-25
1.490886e+03 7.281098e-25
1.501231e+03 7.301613e-25
1.511647e+03 7.321727e-25
1.522136e+03 7.341427e-25
1.532698e+03 7.360700e-25
1.543332e+03 7.379535e-25
1.554041e+03 7.397917e-25
1.564824e+03 7.415835e-25
1.575682e+03 7.433276e-25
1.586615e+03 7.450226e-25
1.597624e+03 7.466672e-25
1.608709e+03 7.482600e-25
1.619871e+03 7.497997e-25
1.631111e+03 7.512848e-25
1.642429e+03 7.527139e-25
1.653825e+03 7.540855e-25
1.665300e+03 7.553982e-25
1.676855e+03 7.566506e-25
1.688490e+03 7.578410e-25
1.700206e+03 7.589679e-25
1.712003e+03 7.600298e-25
1.723882e+03 7.610252e-25
1.735843e+03 7.619523e-25
1.747888e+03 7.628097e-25
1.760016e+03 7.635956e-25
1.772228e+03 7.643084e-25
1.784525e+03 7.649465e-25
1.796907e+03 7.655081e-25
1.809375e+03 7.659914e-25
1.821929e+03 7.663948e-25
1.834571e+03 7.667165e-25
1.847301e+03 7.669547e-25
1.860118e+03 7.671076e-25
1.873025e+03 7.671733e-25
1.886021e+03 7.671501e-25
1.899108e+03 7.670360e-25
1.912285e+03 7.668292e-25
1.925554e+03 7.665279e-25
1.938914e+03 7.661299e-25
1.952368e+03 7.656336e-25
1.965914e+03 7.650367e-25
1.979555e+03 7.643375e-25
1.993291e+03 7.635340e-25
2.007121e+03 7.626240e-25
2.021048e+03 7.616056e-25
2.035071e+03 7.604768e-25
2.049192e+03 7.592356e-25
2.063410e+03 7.578798e-25
2.077728e+03 7.564073e-25
2.092144e+03 7.548162e-25
2.106661e+03 7.531043e-25
2.121278e+03 7.512695e-25
2.135997e+03 7.493097e-25
2.150818e+03 7.472228e-25
2.165742e+03 7.450066e-25
2.180769e+03 7.426591e-25
2.195900e+03 7.401779e-25
2.211137e+03 7.375611e-25
2.226479e+03 7.348065e-25
2.241928e+03 7.319122e-25
2.257484e+03 7.288751e-25
2.273148e+03 7.256941e-25
2.288920e+03 7.223667e-25
2.304802e+03 7.188907e-25
2.320794e+03 7.152640e-25
2.336898e+03 7.114844e-25
2.353112e+03 7.075499e-25
2.369440e+03 7.034584e-25
2.385880e+03 6.992077e-25
2.402435e+03 6.947958e-25
2.419105e+03 6.902206e-25
2.435890e+03 6.854801e-25
2.452792e+03 6.805722e-25
2.469811e+03 6.754950e-25
2.486948e+03 6.702465e-25
2.504204e+03 6.648247e-25
2.521580e+03 6.592278e-25
2.539076e+03 6.534539e-25
2.556694e+03 6.475011e-25
2.574434e+03 6.413677e-25
2.592297e+03 6.350520e-25
2.610284e+03 6.285521e-25
2.628396e+03 6.218665e-25
2.646633e+03 6.149937e-25
2.664997e+03 6.079320e-25
2.683488e+03 6.006800e-25
2.702108e+03 5.932363e-25
2.720857e+03 5.855997e-25
2.739736e+03 5.777688e-25
2.758746e+03 5.697425e-25
2.777888e+03 5.615198e-25
2.797163e+03 5.530997e-25
2.816571e+03 5.444813e-25
2.836114e+03 5.356638e-25
2.855793e+03 5.266468e-25
2.875609e+03 5.174295e-25
2.895561e+03 5.080117e-25
2.915653e+03 4.983934e-25
2.935883e+03 4.885743e-25
2.956254e+03 4.785545e-25
2.976767e+03 4.683343e-25
2.997421e+03 4.579142e-25
3.018219e+03 4.472948e-25
3.039162e+03 4.364773e-25
3.060249e+03 4.254626e-25
3.081483e+03 4.142525e-25
3.102864e+03 4.028487e-25
3.124394e+03 3.912533e-25
3.146073e+03 3.794691e-25
3.167902e+03 3.674990e-25
3.189883e+03 3.553467e-25
3.212017e+03 3.430163e-25
3.234304e+03 3.305127e-25
3.256745e+03 3.178418e-25
3.279343e+03 3.050102e-25
3.302097e+03 2.920259e-25
3.325009e+03 2.788984e-25
3.348080e+03 2.656389e-25
3.371311e+03 2.522611e-25
3.394703e+03 2.387814e-25
3.418258e+03 2.252202e-25
3.441976e+03 2.116029e-25
3.465859e+03 1.979615e-25
3.489907e+03 1.843373e-25
3.514122e+03 1.707840e-25
3.538505e+03 1.573734e-25
3.563058e+03 1.442024e-25
3.587780e+03 1.314049e-25
3.612675e+03 1.191674e-25
3.637742e+03 1.077525e-25
3.662983e+03 9.752587e-26
3.688399e+03 8.897909e-26
3.713991e+03 8.271783e-26
3.739761e+03 7.936743e-26
3.765710e+03 7.937497e-26
3.791839e+03 8.280867e-26
3.818149e+03 8.933315e-26
3.844642e+03 9.838391e-26
3.871318e+03 1.093745e-25
3.898180e+03 1.218116e-25
3.925228e+03 1.353201e-25
3.952464e+03 1.496270e-25
3.979889e+03 1.645354e-25
4.007503e+03 1.799024e-25
4.035310e+03 1.956221e-25
4.063310e+03 2.116145e-25
4.091503e+03 2.278171e-25
4.119893e+03 2.441801e-25
4.148479e+03 2.606623e-25
4.177264e+03 2.772290e-25
4.206249e+03 2.938500e-25
4.235434e+03 3.104984e-25
4.264822e+03 3.271499e-25
4.294414e+03 3.437816e-25
4.324212e+03 3.603724e-25
4.354216e+03 3.769017e-25
4.384428e+03 3.933498e-25
4.414850e+03 4.096975e-25
4.445483e+03 4.259257e-25
4.476329e+03 4.420158e-25
4.507388e+03 4.579490e-25
4.538663e+03 4.737067e-25
4.570155e+03 4.892702e-25
4.601866e+03 5.046207e-25
4.633797e+03 5.197394e-25
4.665949e+03 5.346073e-25
4.698324e+03 5.492053e-25
4.730924e+03 5.635139e-25
4.763750e+03 5.775138e-25
4.796804e+03 5.911854e-25
4.830087e+03 6.045088e-25
4.863602e+03 6.174641e-25
4.897348e+03 6.300312e-25
4.931329e+03 6.421898e-25
4.965546e+03 6.539196e-25
5.000000e+03 6.652001e-25
