5.000000e+00 7.302835e-24
5.034693e+00 7.064954e-24
5.069627e+00 6.838872e-24
5.104803e+00 6.623747e-24
5.140224e+00 6.418806e-24
5.175890e+00 6.223341e-24
5.211803e+00 6.036702e-24
5.247966e+00 5.858294e-24
5.284380e+00 5.687572e-24
5.321046e+00 5.524035e-24
5.357967e+00 5.367224e-24
5.395144e+00 5.216717e-24
5.432579e+00 5.072127e-24
5.470274e+00 4.933100e-24
5.508230e+00 4.799308e-24
5.546449e+00 4.670451e-24
5.584934e+00 4.546253e-24
5.623686e+00 4.426458e-24
5.662707e+00 4.310831e-24
5.701998e+00 4.199154e-24
5.741562e+00 4.091229e-24
5.781401e+00 3.986867e-24
5.821516e+00 3.885899e-24
5.861909e+00 3.788163e-24
5.902583e+00 3.692499e-24
5.943538e+00 3.598867e-24
5.984779e+00 3.508197e-24
6.026305e+00 3.420362e-24
6.068119e+00 3.335242e-24
6.110223e+00 3.252727e-24
6.152620e+00 3.172710e-24
6.195311e+00 3.095094e-24
6.238298e+00 3.019786e-24
6.281583e+00 2.946698e-24
6.325169e+00 2.875748e-24
6.369057e+00 2.806857e-24
6.413249e+00 2.739952e-24
6.457748e+00 2.674963e-24
6.502556e+00 2.611822e-24
6.547675e+00 2.550467e-24
6.593107e+00 2.490837e-24
6.638854e+00 2.432875e-24
6.684919e+00 2.375691e-24
6.731303e+00 2.320080e-24
6.778009e+00 2.266013e-24
6.825039e+00 2.213441e-24
6.872395e+00 2.162319e-24
6.920080e+00 2.112601e-24
6.968096e+00 2.064244e-24
7.016445e+00 2.017206e-24
7.065130e+00 1.971449e-24
7.114152e+00 1.926934e-24
7.163515e+00 1.883623e-24
7.213220e+00 1.841482e-24
7.263270e+00 1.800476e-24
7.313667e+00 1.760572e-24
7.364414e+00 1.721737e-24
7.415513e+00 1.683942e-24
7.466966e+00 1.647156e-24
7.518777e+00 1.611350e-24
7.570947e+00 1.576497e-24
7.623479e+00 1.542569e-24
7.676375e+00 1.509539e-24
7.729639e+00 1.477384e-24
7.783272e+00 1.446078e-24
7.837277e+00 1.415598e-24
7.891657e+00 1.385920e-24
7.946414e+00 1.357021e-24
8.001552e+00 1.328882e-24
8.057071e+00 1.301479e-24
8.112976e+00 1.274794e-24
8.169269e+00 1.248806e-24
8.225953e+00 1.223496e-24
8.283030e+00 1.198846e-24
8.340503e+00 1.174837e-24
8.398374e+00 1.151452e-24
8.456648e+00 1.128674e-24
8.515325e+00 1.106487e-24
8.574410e+00 1.084874e-24
8.633905e+00 1.063820e-24
8.693812e+00 1.043310e-24
8.754135e+00 1.023330e-24
8.814877e+00 1.003864e-24
8.876040e+00 9.849004e-25
8.937628e+00 9.664244e-25
8.999643e+00 9.484232e-25
9.062088e+00 9.308843e-25
9.124966e+00 9.137955e-25
9.188281e+00 8.971448e-25
9.252035e+00 8.809207e-25
9.316232e+00 8.651118e-25
9.380873e+00 8.497074e-25
9.445964e+00 8.346967e-25
9.511506e+00 8.200694e-25
9.577503e+00 8.058156e-25
9.643958e+00 7.919254e-25
9.710873e+00 7.783895e-25
9.778254e+00 7.651985e-25
9.846101e+00 7.523436e-25
9.914420e+00 7.398161e-25
9.983212e+00 7.276074e-25
1.005248e+01 7.160159e-25
1.012223e+01 7.048047e-25
1.019247e+01 6.938655e-25
1.026319e+01 6.831916e-25
1.033440e+01 6.727766e-25
1.040611e+01 6.626141e-25
1.047831e+01 6.526979e-25
1.055102e+01 6.430220e-25
1.062423e+01 6.335806e-25
1.069794e+01 6.243679e-25
1.077217e+01 6.153784e-25
1.084692e+01 6.066067e-25
1.092218e+01 5.980474e-25
1.099797e+01 5.896955e-25
1.107428e+01 5.815459e-25
1.115112e+01 5.735937e-25
1.122849e+01 5.658342e-25
1.130640e+01 5.582626e-25
1.138485e+01 5.508745e-25
1.146385e+01 5.436653e-25
1.154339e+01 5.366309e-25
1.162349e+01 5.297669e-25
1.170414e+01 5.230692e-25
1.178535e+01 5.165338e-25
1.186712e+01 5.101568e-25
1.194946e+01 5.039344e-25
1.203238e+01 4.978628e-25
1.211586e+01 4.919383e-25
1.219993e+01 4.861574e-25
1.228458e+01 4.805167e-25
1.236982e+01 4.750126e-25
1.245565e+01 4.696418e-25
1.254208e+01 4.644012e-25
1.262910e+01 4.592875e-25
1.271673e+01 4.542977e-25
1.280497e+01 4.494287e-25
1.289381e+01 4.446775e-25
1.298328e+01 4.400413e-25
1.307337e+01 4.355172e-25
1.316408e+01 4.311025e-25
1.325542e+01 4.267945e-25
1.334739e+01 4.225905e-25
1.344001e+01 4.184880e-25
1.353326e+01 4.144844e-25
1.362716e+01 4.105772e-25
1.372172e+01 4.067642e-25
1.381693e+01 4.030429e-25
1.391280e+01 3.994110e-25
1.400933e+01 3.958663e-25
1.410654e+01 3.924066e-25
1.420442e+01 3.890297e-25
1.430298e+01 3.857337e-25
1.440222e+01 3.825163e-25
1.450215e+01 3.793757e-25
1.460278e+01 3.763099e-25
1.470410e+01 3.733169e-25
1.480613e+01 3.703950e-25
1.490886e+01 3.675423e-25
1.501231e+01 3.647570e-25
1.511647e+01 3.620375e-25
1.522136e+01 3.593819e-25
1.532698e+01 3.567887e-25
1.543332e+01 3.542563e-25
1.554041e+01 3.517831e-25
1.564824e+01 3.493675e-25
1.575682e+01 3.470081e-25
1.586615e+01 3.447034e-25
1.597624e+01 3.424520e-25
1.608709e+01 3.402525e-25
1.619871e+01 3.381035e-25
1.631111e+01 3.360038e-25
1.642429e+01 3.339520e-25
1.653825e+01 3.319469e-25
1.665300e+01 3.299872e-25
1.676855e+01 3.280718e-25
1.688490e+01 3.261995e-25
1.700206e+01 3.243692e-25
1.712003e+01 3.225797e-25
1.723882e+01 3.208300e-25
1.735843e+01 3.191191e-25
1.747888e+01 3.174459e-25
1.760016e+01 3.158094e-25
1.772228e+01 3.142087e-25
1.784525e+01 3.126428e-25
1.796907e+01 3.111107e-25
1.809375e+01 3.096117e-25
1.821929e+01 3.081448e-25
1.834571e+01 3.067092e-25
1.847301e+01 3.053041e-25
1.860118e+01 3.039286e-25
1.873025e+01 3.025820e-25
1.886021e+01 3.012635e-25
1.899108e+01 2.999724e-25
1.912285e+01 2.987079e-25
1.925554e+01 2.974694e-25
1.938914e+01 2.962562e-25
1.952368e+01 2.950675e-25
1.965914e+01 2.939029e-25
1.979555e+01 2.927615e-25
1.993291e+01 2.916429e-25
2.007121e+01 2.905465e-25
2.021048e+01 2.894716e-25
2.035071e+01 2.884176e-25
2.049192e+01 2.873842e-25
2.063410e+01 2.863706e-25
2.077728e+01 2.853765e-25
2.092144e+01 2.844013e-25
2.106661e+01 2.834445e-25
2.121278e+01 2.825056e-25
2.135997e+01 2.815842e-25
2.150818e+01 2.806799e-25
2.165742e+01 2.797922e-25
2.180769e+01 2.789206e-25
2.195900e+01 2.780648e-25
2.211137e+01 2.772244e-25
2.226479e+01 2.763990e-25
2.241928e+01 2.755882e-25
2.257484e+01 2.747916e-25
2.273148e+01 2.740089e-25
2.288920e+01 2.732398e-25
2.304802e+01 2.724838e-25
2.320794e+01 2.717407e-25
2.336898e+01 2.710102e-25
2.353112e+01 2.702920e-25
2.369440e+01 2.695857e-25
2.385880e+01 2.688910e-25
2.402435e+01 2.682078e-25
2.419105e+01 2.675356e-25
2.435890e+01 2.668743e-25
2.452792e+01 2.662235e-25
2.469811e+01 2.655831e-25
2.486948e+01 2.649528e-25
2.504204e+01 2.643323e-25
2.521580e+01 2.637214e-25
2.539076e+01 2.631199e-25
2.556694e+01 2.625276e-25
2.574434e+01 2.619442e-25
2.592297e+01 2.613696e-25
2.610284e+01 2.608035e-25
2.628396e+01 2.602458e-25
2.646633e+01 2.596962e-25
2.664997e+01 2.591546e-25
2.683488e+01 2.586208e-25
2.702108e+01 2.580947e-25
2.720857e+01 2.575760e-25
2.739736e+01 2.570646e-25
2.758746e+01 2.565603e-25
2.777888e+01 2.560630e-25
2.797163e+01 2.555725e-25
2.816571e+01 2.550887e-25
2.836114e+01 2.546115e-25
2.855793e+01 2.541406e-25
2.875609e+01 2.536760e-25
2.895561e+01 2.532175e-25
2.915653e+01 2.527651e-25
2.935883e+01 2.523185e-25
2.956254e+01 2.518776e-25
2.976767e+01 2.514424e-25
2.997421e+01 2.510128e-25
3.018219e+01 2.505885e-25
3.039162e+01 2.501695e-25
3.060249e+01 2.497558e-25
3.081483e+01 2.493471e-25
3.102864e+01 2.489435e-25
3.124394e+01 2.485447e-25
3.146073e+01 2.481507e-25
3.167902e+01 2.477615e-25
3.189883e+01 2.473768e-25
3.212017e+01 2.469967e-25
3.234304e+01 2.466211e-25
3.256745e+01 2.462498e-25
3.279343e+01 2.458828e-25
3.302097e+01 2.455200e-25
3.325009e+01 2.451614e-25
3.348080e+01 2.448068e-25
3.371311e+01 2.444562e-25
3.394703e+01 2.441094e-25
3.418258e+01 2.437666e-25
3.441976e+01 2.434275e-25
3.465859e+01 2.430921e-25
3.489907e+01 2.427604e-25
3.514122e+01 2.424322e-25
3.538505e+01 2.421076e-25
3.563058e+01 2.417865e-25
3.587780e+01 2.414687e-25
3.612675e+01 2.411543e-25
3.637742e+01 2.408432e-25
3.662983e+01 2.405353e-25
3.688399e+01 2.402307e-25
3.713991e+01 2.399291e-25
3.739761e+01 2.396307e-25
3.765710e+01 2.393353e-25
3.791839e+01 2.390429e-25
3.818149e+01 2.387534e-25
3.844642e+01 2.384668e-25
3.871318e+01 2.381831e-25
3.898180e+01 2.379023e-25
3.925228e+01 2.376241e-25
3.952464e+01 2.373488e-25
3.979889e+01 2.370761e-25
4.007503e+01 2.368060e-25
4.035310e+01 2.365386e-25
4.063310e+01 2.362738e-25
4.091503e+01 2.360114e-25
4.119893e+01 2.357516e-25
4.148479e+01 2.354943e-25
4.177264e+01 2.352394e-25
4.206249e+01 2.349869e-25
4.235434e+01 2.347368e-25
4.264822e+01 2.344890e-25
4.294414e+01 2.342436e-25
4.324212e+01 2.340004e-25
4.354216e+01 2.337594e-25
4.384428e+01 2.335207e-25
4.414850e+01 2.332842e-25
4.445483e+01 2.330498e-25
4.476329e+01 2.328176e-25
4.507388e+01 2.325875e-25
4.538663e+01 2.323594e-25
4.570155e+01 2.321334e-25
4.601866e+01 2.319095e-25
4.633797e+01 2.316875e-25
4.665949e+01 2.314676e-25
4.698324e+01 2.312496e-25
4.730924e+01 2.310335e-25
4.763750e+01 2.308194e-25
4.796804e+01 2.306072e-25
4.830087e+01 2.303968e-25
4.863602e+01 2.301883e-25
4.897348e+01 2.299816e-25
4.931329e+01 2.297767e-25
4.965546e+01 2.295736e-25
5.000000e+01 2.293723e-25
5.034693e+01 2.291728e-25
5.069627e+01 2.289750e-25
5.104803e+01 2.287789e-25
5.140224e+01 2.285845e-25
5.175890e+01 2.283917e-25
5.211803e+01 2.282007e-25
5.247966e+01 2.280113e-25
5.284380e+01 2.278235e-25
5.321046e+01 2.276373e-25
5.357967e+01 2.274528e-25
5.395144e+01 2.272698e-25
5.432579e+01 2.270884e-25
5.470274e+01 2.269085e-25
5.508230e+01 2.267302e-25
5.546449e+01 2.265534e-25
5.584934e+01 2.263781e-25
5.623686e+01 2.262044e-25
5.662707e+01 2.260321e-25
5.701998e+01 2.258612e-25
5.741562e+01 2.256919e-25
5.781401e+01 2.255240e-25
5.821516e+01 2.253575e-25
5.861909e+01 2.251924e-25
5.902583e+01 2.250287e-25
5.943538e+01 2.248665e-25
5.984779e+01 2.247056e-25
6.026305e+01 2.245461e-25
6.068119e+01 2.243880e-25
6.110223e+01 2.242312e-25
6.152620e+01 2.240758e-25
6.195311e+01 2.239217e-25
6.238298e+01 2.237689e-25
6.281583e+01 2.236174e-25
6.325169e+01 2.234672e-25
6.369057e+01 2.233183e-25
6.413249e+01 2.231707e-25
6.457748e+01 2.230244e-25
6.502556e+01 2.228794e-25
6.547675e+01 2.227356e-25
6.593107e+01 2.225930e-25
6.638854e+01 2.224517e-25
6.684919e+01 2.223116e-25
6.731303e+01 2.221728e-25
6.778009e+01 2.220351e-25
6.825039e+01 2.218987e-25
6.872395e+01 2.217634e-25
6.920080e+01 2.216294e-25
6.968096e+01 2.214965e-25
7.016445e+01 2.213648e-25
7.065130e+01 2.212343e-25
7.114152e+01 2.211049e-25
7.163515e+01 2.209767e-25
7.213220e+01 2.208497e-25
7.263270e+01 2.207238e-25
7.313667e+01 2.205990e-25
7.364414e+01 2.204754e-25
7.415513e+01 2.203529e-25
7.466966e+01 2.202315e-25
7.518777e+01 2.201112e-25
7.570947e+01 2.199920e-25
7.623479e+01 2.198740e-25
7.676375e+01 2.197570e-25
7.729639e+01 2.196411e-25
7.783272e+01 2.195263e-25
7.837277e+01 2.194126e-25
7.891657e+01 2.193000e-25
7.946414e+01 2.191885e-25
8.001552e+01 2.190780e-25
8.057071e+01 2.189685e-25
8.112976e+01 2.188602e-25
8.169269e+01 2.187529e-25
8.225953e+01 2.186466e-25
8.283030e+01 2.185414e-25
8.340503e+01 2.184373e-25
8.398374e+01 2.183341e-25
8.456648e+01 2.182321e-25
8.515325e+01 2.181310e-25
8.574410e+01 2.180310e-25
8.633905e+01 2.179320e-25
8.693812e+01 2.178340e-25
8.754135e+01 2.177371e-25
8.814877e+01 2.176412e-25
8.876040e+01 2.175463e-25
8.937628e+01 2.174524e-25
8.999643e+01 2.173595e-25
9.062088e+01 2.172676e-25
9.124966e+01 2.171768e-25
9.188281e+01 2.170869e-25
9.252035e+01 2.169980e-25
9.316232e+01 2.169102e-25
9.380873e+01 2.168233e-25
9.445964e+01 2.167375e-25
9.511506e+01 2.166526e-25
9.577503e+01 2.165687e-25
9.643958e+01 2.164859e-25
9.710873e+01 2.164040e-25
9.778254e+01 2.163231e-25
9.846101e+01 2.162432e-25
9.914420e+01 2.161643e-25
9.983212e+01 2.160864e-25
1.005248e+02 2.160094e-25
1.012223e+02 2.159335e-25
1.019247e+02 2.158585e-25
1.026319e+02 2.157845e-25
1.033440e+02 2.157116e-25
1.040611e+02 2.156396e-25
1.047831e+02 2.155685e-25
1.055102e+02 2.154985e-25
1.062423e+02 2.154295e-25
1.069794e+02 2.153614e-25
1.077217e+02 2.152944e-25
1.084692e+02 2.152283e-25
1.092218e+02 2.151632e-25
1.099797e+02 2.150991e-25
1.107428e+02 2.150360e-25
1.115112e+02 2.149739e-25
1.122849e+02 2.149128e-25
1.130640e+02 2.148527e-25
1.138485e+02 2.147936e-25
1.146385e+02 2.147355e-25
1.154339e+02 2.146784e-25
1.162349e+02 2.146223e-25
1.170414e+02 2.145671e-25
1.178535e+02 2.145130e-25
1.186712e+02 2.144600e-25
1.194946e+02 2.144079e-25
1.203238e+02 2.143568e-25
1.211586e+02 2.143067e-25
1.219993e+02 2.142577e-25
1.228458e+02 2.142097e-25
1.236982e+02 2.141627e-25
1.245565e+02 2.141167e-25
1.254208e+02 2.140718e-25
1.262910e+02 2.140279e-25
1.271673e+02 2.139851e-25
1.280497e+02 2.139432e-25
1.289381e+02 2.139025e-25
1.298328e+02 2.138628e-25
1.307337e+02 2.138241e-25
1.316408e+02 2.137865e-25
1.325542e+02 2.137499e-25
1.334739e+02 2.137144e-25
1.344001e+02 2.136800e-25
1.353326e+02 2.136467e-25
1.362716e+02 2.136144e-25
1.372172e+02 2.135833e-25
1.381693e+02 2.135532e-25
1.391280e+02 2.135242e-25
1.400933e+02 2.134963e-25
1.410654e+02 2.134695e-25
1.420442e+02 2.134439e-25
1.430298e+02 2.134193e-25
1.440222e+02 2.133959e-25
1.450215e+02 2.133737e-25
1.460278e+02 2.133525e-25
1.470410e+02 2.133325e-25
1.480613e+02 2.133137e-25
1.490886e+02 2.132960e-25
1.501231e+02 2.132795e-25
1.511647e+02 2.132641e-25
1.522136e+02 2.132500e-25
1.532698e+02 2.132371e-25
1.543332e+02 2.132253e-25
1.554041e+02 2.132148e-25
1.564824e+02 2.132055e-25
1.575682e+02 2.131974e-25
1.586615e+02 2.131906e-25
1.597624e+02 2.131850e-25
1.608709e+02 2.131808e-25
1.619871e+02 2.131778e-25
1.631111e+02 2.131761e-25
1.642429e+02 2.131758e-25
1.653825e+02 2.131769e-25
1.665300e+02 2.131793e-25
1.676855e+02 2.131832e-25
1.688490e+02 2.131886e-25
1.700206e+02 2.131955e-25
1.712003e+02 2.132041e-25
1.723882e+02 2.132145e-25
1.735843e+02 2.132268e-25
1.747888e+02 2.132413e-25
1.760016e+02 2.132585e-25
1.772228e+02 2.132791e-25
1.784525e+02 2.133044e-25
1.796907e+02 2.133367e-25
1.809375e+02 2.133816e-25
1.821929e+02 2.134524e-25
1.834571e+02 2.135919e-25
1.847301e+02 2.140038e-25
1.860118e+02 2.173720e-25
1.873025e+02 2.272278e-25
1.886021e+02 2.143340e-25
1.899108e+02 2.137456e-25
1.912285e+02 2.136234e-25
1.925554e+02 2.135955e-25
1.938914e+02 2.135993e-25
1.952368e+02 2.136172e-25
1.965914e+02 2.136429e-25
1.979555e+02 2.136735e-25
1.993291e+02 2.137076e-25
2.007121e+02 2.137446e-25
2.021048e+02 2.137840e-25
2.035071e+02 2.138256e-25
2.049192e+02 2.138692e-25
2.063410e+02 2.139147e-25
2.077728e+02 2.139621e-25
2.092144e+02 2.140113e-25
2.106661e+02 2.140624e-25
2.121278e+02 2.141152e-25
2.135997e+02 2.141698e-25
2.150818e+02 2.142262e-25
2.165742e+02 2.142844e-25
2.180769e+02 2.143444e-25
2.195900e+02 2.144063e-25
2.211137e+02 2.144699e-25
2.226479e+02 2.145354e-25
2.241928e+02 2.146028e-25
2.257484e+02 2.146720e-25
2.273148e+02 2.147431e-25
2.288920e+02 2.148161e-25
2.304802e+02 2.148910e-25
2.320794e+02 2.149678e-25
2.336898e+02 2.150466e-25
2.353112e+02 2.151274e-25
2.369440e+02 2.152101e-25
2.385880e+02 2.152949e-25
2.402435e+02 2.153816e-25
2.419105e+02 2.154704e-25
2.435890e+02 2.155613e-25
2.452792e+02 2.156542e-25
2.469811e+02 2.157493e-25
2.486948e+02 2.158464e-25
2.504204e+02 2.159457e-25
2.521580e+02 2.160472e-25
2.539076e+02 2.161509e-25
2.556694e+02 2.162567e-25
2.574434e+02 2.163648e-25
2.592297e+02 2.164751e-25
2.610284e+02 2.165877e-25
2.628396e+02 2.167025e-25
2.646633e+02 2.168197e-25
2.664997e+02 2.169393e-25
2.683488e+02 2.170611e-25
2.702108e+02 2.171854e-25
2.720857e+02 2.173121e-25
2.739736e+02 2.174412e-25
2.758746e+02 2.175727e-25
2.777888e+02 2.177067e-25
2.797163e+02 2.178433e-25
2.816571e+02 2.179823e-25
2.836114e+02 2.181239e-25
2.855793e+02 2.182681e-25
2.875609e+02 2.184149e-25
2.895561e+02 2.185643e-25
2.915653e+02 2.187163e-25
2.935883e+02 2.188711e-25
2.956254e+02 2.190285e-25
2.976767e+02 2.191887e-25
2.997421e+02 2.193516e-25
3.018219e+02 2.195173e-25
3.039162e+02 2.196859e-25
3.060249e+02 2.198572e-25
3.081483e+02 2.200315e-25
3.102864e+02 2.202086e-25
3.124394e+02 2.203887e-25
3.146073e+02 2.205717e-25
3.167902e+02 2.207577e-25
3.189883e+02 2.209467e-25
3.212017e+02 2.211387e-25
3.234304e+02 2.213338e-25
3.256745e+02 2.215320e-25
3.279343e+02 2.217333e-25
3.302097e+02 2.219378e-25
3.325009e+02 2.221455e-25
3.348080e+02 2.223564e-25
3.371311e+02 2.225706e-25
3.394703e+02 2.227880e-25
3.418258e+02 2.230088e-25
3.441976e+02 2.232329e-25
3.465859e+02 2.234604e-25
3.489907e+02 2.236913e-25
3.514122e+02 2.239257e-25
3.538505e+02 2.241636e-25
3.563058e+02 2.244051e-25
3.587780e+02 2.246503e-25
3.612675e+02 2.248993e-25
3.637742e+02 2.251525e-25
3.662983e+02 2.254108e-25
3.688399e+02 2.256782e-25
3.713991e+02 2.259903e-25
3.739761e+02 2.307632e-25
3.765710e+02 2.265029e-25
3.791839e+02 2.267480e-25
3.818149e+02 2.270202e-25
3.844642e+02 2.272999e-25
3.871318e+02 2.275847e-25
3.898180e+02 2.278739e-25
3.925228e+02 2.281672e-25
3.952464e+02 2.284646e-25
3.979889e+02 2.287661e-25
4.007503e+02 2.290718e-25
4.035310e+02 2.293815e-25
4.063310e+02 2.296955e-25
4.091503e+02 2.300136e-25
4.119893e+02 2.303359e-25
4.148479e+02 2.306624e-25
4.177264e+02 2.309933e-25
4.206249e+02 2.313284e-25
4.235434e+02 2.316679e-25
4.264822e+02 2.320118e-25
4.294414e+02 2.323601e-25
4.324212e+02 2.327128e-25
4.354216e+02 2.330701e-25
4.384428e+02 2.334318e-25
4.414850e+02 2.337982e-25
4.445483e+02 2.341691e-25
4.476329e+02 2.345446e-25
4.507388e+02 2.349248e-25
4.538663e+02 2.353097e-25
4.570155e+02 2.356993e-25
4.601866e+02 2.360937e-25
4.633797e+02 2.364929e-25
4.665949e+02 2.368969e-25
4.698324e+02 2.373058e-25
4.730924e+02 2.377196e-25
4.763750e+02 2.381384e-25
4.796804e+02 2.385621e-25
4.830087e+02 2.389909e-25
4.863602e+02 2.394247e-25
4.897348e+02 2.398635e-25
4.931329e+02 2.403075e-25
4.965546e+02 2.407566e-25
5.000000e+02 2.412109e-25
5.034693e+02 2.416704e-25
5.069627e+02 2.421352e-25
5.104803e+02 2.426053e-25
5.140224e+02 2.430806e-25
5.175890e+02 2.435613e-25
5.211803e+02 2.440474e-25
5.247966e+02 2.445389e-25
5.284380e+02 2.450359e-25
5.321046e+02 2.455383e-25
5.357967e+02 2.460462e-25
5.395144e+02 2.465597e-25
5.432579e+02 2.470788e-25
5.470274e+02 2.476036e-25
5.508230e+02 2.481343e-25
5.546449e+02 2.486719e-25
5.584934e+02 2.492321e-25
5.623686e+02 2.497844e-25
5.662707e+02 2.503136e-25
5.701998e+02 2.508707e-25
5.741562e+02 2.514348e-25
5.781401e+02 2.520050e-25
5.821516e+02 2.525811e-25
5.861909e+02 2.531632e-25
5.902583e+02 2.537511e-25
5.943538e+02 2.543450e-25
5.984779e+02 2.549448e-25
6.026305e+02 2.555506e-25
6.068119e+02 2.561624e-25
6.110223e+02 2.567802e-25
6.152620e+02 2.574041e-25
6.195311e+02 2.580340e-25
6.238298e+02 2.586699e-25
6.281583e+02 2.593120e-25
6.325169e+02 2.599601e-25
6.369057e+02 2.606144e-25
6.413249e+02 2.612748e-25
6.457748e+02 2.619414e-25
6.502556e+02 2.626141e-25
6.547675e+02 2.632930e-25
6.593107e+02 2.639781e-25
6.638854e+02 2.646694e-25
6.684919e+02 2.653670e-25
6.731303e+02 2.660707e-25
6.778009e+02 2.667807e-25
6.825039e+02 2.674970e-25
6.872395e+02 2.682195e-25
6.920080e+02 2.689482e-25
6.968096e+02 2.696832e-25
7.016445e+02 2.704245e-25
7.065130e+02 2.711721e-25
7.114152e+02 2.719259e-25
7.163515e+02 2.726859e-25
7.213220e+02 2.734523e-25
7.263270e+02 2.742249e-25
7.313667e+02 2.750072e-25
7.364414e+02 2.757968e-25
7.415513e+02 2.765933e-25
7.466966e+02 2.774680e-25
7.518777e+02 2.782040e-25
7.570947e+02 2.790171e-25
7.623479e+02 2.798374e-25
7.676375e+02 2.806641e-25
7.729639e+02 2.814969e-25
7.783272e+02 2.823366e-25
7.837277e+02 2.831859e-25
7.891657e+02 2.840413e-25
7.946414e+02 2.849029e-25
8.001552e+02 2.857703e-25
8.057071e+02 2.866438e-25
8.112976e+02 2.875232e-25
8.169269e+02 2.884086e-25
8.225953e+02 2.892999e-25
8.283030e+02 2.901970e-25
8.340503e+02 2.911000e-25
8.398374e+02 2.920088e-25
8.456648e+02 2.929233e-25
8.515325e+02 2.938435e-25
8.574410e+02 2.947693e-25
8.633905e+02 2.957008e-25
8.693812e+02 2.966378e-25
8.754135e+02 2.975803e-25
8.814877e+02 2.985283e-25
8.876040e+02 2.994816e-25
8.937628e+02 3.004403e-25
8.999643e+02 3.014042e-25
9.062088e+02 3.023733e-25
9.124966e+02 3.033475e-25
9.188281e+02 3.043268e-25
9.252035e+02 3.053112e-25
9.316232e+02 3.063025e-25
9.380873e+02 3.072950e-25
9.445964e+02 3.082929e-25
9.511506e+02 3.092961e-25
9.577503e+02 3.103040e-25
9.643958e+02 3.113163e-25
9.710873e+02 3.123338e-25
9.778254e+02 3.133583e-25
9.846101e+02 3.143869e-25
9.914420e+02 3.154195e-25
9.983212e+02 3.164561e-25
1.005248e+03 3.174965e-25
1.012223e+03 3.185406e-25
1.019247e+03 3.195882e-25
1.026319e+03 3.206394e-25
1.033440e+03 3.216938e-25
1.040611e+03 3.227515e-25
1.047831e+03 3.238122e-25
1.055102e+03 3.248758e-25
1.062423e+03 3.259423e-25
1.069794e+03 3.270113e-25
1.077217e+03 3.280828e-25
1.084692e+03 3.291567e-25
1.092218e+03 3.302328e-25
1.099797e+03 3.313108e-25
1.107428e+03 3.323907e-25
1.115112e+03 3.334724e-25
1.122849e+03 3.345573e-25
1.130640e+03 3.356396e-25
1.138485e+03 3.367250e-25
1.146385e+03 3.378113e-25
1.154339e+03 3.388984e-25
1.162349e+03 3.399860e-25
1.170414e+03 3.410739e-25
1.178535e+03 3.421619e-25
1.186712e+03 3.432499e-25
1.194946e+03 3.443375e-25
1.203238e+03 3.454245e-25
1.211586e+03 3.465107e-25
1.219993e+03 3.475959e-25
1.228458e+03 3.486799e-25
1.236982e+03 3.497623e-25
1.245565e+03 3.508429e-25
1.254208e+03 3.519215e-25
1.262910e+03 3.529978e-25
1.271673e+03 3.540715e-25
1.280497e+03 3.551423e-25
1.289381e+03 3.562100e-25
1.298328e+03 3.572743e-25
1.307337e+03 3.583722e-25
1.316408e+03 3.593912e-25
1.325542e+03 3.604433e-25
1.334739e+03 3.614907e-25
1.344001e+03 3.625332e-25
1.353326e+03 3.635703e-25
1.362716e+03 3.646017e-25
1.372172e+03 3.656272e-25
1.381693e+03 3.666463e-25
1.391280e+03 3.676586e-25
1.400933e+03 3.686639e-25
1.410654e+03 3.696617e-25
1.420442e+03 3.706516e-25
1.430298e+03 3.716333e-25
1.440222e+03 3.726064e-25
1.450215e+03 3.735705e-25
1.460278e+03 3.745251e-25
1.470410e+03 3.754699e-25
1.480613e+03 3.764043e-25
1.490886e+03 3.773283e-25
1.501231e+03 3.782407e-25
1.511647e+03 3.791415e-25
1.522136e+03 3.800304e-25
1.532698e+03 3.809067e-25
1.543332e+03 3.817700e-25
1.554041e+03 3.826198e-25
1.564824e+03 3.834555e-25
1.575682e+03 3.842768e-25
1.586615e+03 3.850831e-25
1.597624e+03 3.858738e-25
1.608709e+03 3.866485e-25
1.619871e+03 3.874066e-25
1.631111e+03 3.881475e-25
1.642429e+03 3.888708e-25
1.653825e+03 3.895758e-25
1.665300e+03 3.902620e-25
1.676855e+03 3.909289e-25
1.688490e+03 3.915756e-25
1.700206e+03 3.922018e-25
1.712003e+03 3.928068e-25
1.723882e+03 3.933901e-25
1.735843e+03 3.939509e-25
1.747888e+03 3.944886e-25
1.760016e+03 3.950027e-25
1.772228e+03 3.954924e-25
1.784525e+03 3.959571e-25
1.796907e+03 3.963961e-25
1.809375e+03 3.968088e-25
1.821929e+03 3.971945e-25
1.834571e+03 3.975524e-25
1.847301e+03 3.978819e-25
1.860118e+03 3.981823e-25
1.873025e+03 3.984529e-25
1.886021e+03 3.986928e-25
1.899108e+03 3.989015e-25
1.912285e+03 3.990781e-25
1.925554e+03 3.992219e-25
1.938914e+03 3.993322e-25
1.952368e+03 3.994082e-25
1.965914e+03 3.994491e-25
1.979555e+03 3.994542e-25
1.993291e+03 3.994226e-25
2.007121e+03 3.993536e-25
2.021048e+03 3.992464e-25
2.035071e+03 3.991002e-25
2.049192e+03 3.989143e-25
2.063410e+03 3.986876e-25
2.077728e+03 3.984195e-25
2.092144e+03 3.981092e-25
2.106661e+03 3.977559e-25
2.121278e+03 3.973586e-25
2.135997e+03 3.969166e-25
2.150818e+03 3.964291e-25
2.165742e+03 3.958953e-25
2.180769e+03 3.953142e-25
2.195900e+03 3.946851e-25
2.211137e+03 3.940072e-25
2.226479e+03 3.932796e-25
2.241928e+03 3.925020e-25
2.257484e+03 3.916721e-25
2.273148e+03 3.907905e-25
2.288920e+03 3.898561e-25
2.304802e+03 3.888679e-25
2.320794e+03 3.878252e-25
2.336898e+03 3.867271e-25
2.353112e+03 3.855730e-25
2.369440e+03 3.843620e-25
2.385880e+03 3.830934e-25
2.402435e+03 3.817664e-25
2.419105e+03 3.803804e-25
2.435890e+03 3.789346e-25
2.452792e+03 3.774284e-25
2.469811e+03 3.758610e-25
2.486948e+03 3.742319e-25
2.504204e+03 3.725405e-25
2.521580e+03 3.707860e-25
2.539076e+03 3.689681e-25
2.556694e+03 3.670862e-25
2.574434e+03 3.651397e-25
2.592297e+03 3.631283e-25
2.610284e+03 3.610515e-25
2.628396e+03 3.589090e-25
2.646633e+03 3.567004e-25
2.664997e+03 3.544256e-25
2.683488e+03 3.520843e-25
2.702108e+03 3.496764e-25
2.720857e+03 3.472017e-25
2.739736e+03 3.446605e-25
2.758746e+03 3.420526e-25
2.777888e+03 3.393782e-25
2.797163e+03 3.366378e-25
2.816571e+03 3.338314e-25
2.836114e+03 3.309597e-25
2.855793e+03 3.280232e-25
2.875609e+03 3.250225e-25
2.895561e+03 3.219586e-25
2.915653e+03 3.188326e-25
2.935883e+03 3.156454e-25
2.956254e+03 3.123982e-25
2.976767e+03 3.090925e-25
2.997421e+03 3.057298e-25
3.018219e+03 3.023121e-25
3.039162e+03 2.988414e-25
3.060249e+03 2.953199e-25
3.081483e+03 2.917502e-25
3.102864e+03 2.881351e-25
3.124394e+03 2.844777e-25
3.146073e+03 2.807815e-25
3.167902e+03 2.770501e-25
3.189883e+03 2.732878e-25
3.212017e+03 2.694989e-25
3.234304e+03 2.656886e-25
3.256745e+03 2.618621e-25
3.279343e+03 2.580253e-25
3.302097e+03 2.541846e-25
3.325009e+03 2.503471e-25
3.348080e+03 2.465201e-25
3.371311e+03 2.427119e-25
3.394703e+03 2.389313e-25
3.418258e+03 2.351879e-25
3.441976e+03 2.314918e-25
3.465859e+03 2.278542e-25
3.489907e+03 2.242866e-25
3.514122e+03 2.208018e-25
3.538505e+03 2.174131e-25
3.563058e+03 2.141347e-25
3.587780e+03 2.109814e-25
3.612675e+03 2.079688e-25
3.637742e+03 2.051133e-25
3.662983e+03 2.024316e-25
3.688399e+03 1.999409e-25
3.713991e+03 1.976586e-25
3.739761e+03 1.956024e-25
3.765710e+03 1.937896e-25
3.791839e+03 1.922370e-25
3.818149e+03 1.909610e-25
3.844642e+03 1.899768e-25
3.871318e+03 1.892984e-25
3.898180e+03 1.889381e-25
3.925228e+03 1.889064e-25
3.952464e+03 1.892118e-25
3.979889e+03 1.898604e-25
4.007503e+03 1.908558e-25
4.035310e+03 1.921992e-25
4.063310e+03 1.938893e-25
4.091503e+03 1.959222e-25
4.119893e+03 1.982920e-25
4.148479e+03 2.009903e-25
4.177264e+03 2.040069e-25
4.206249e+03 2.073300e-25
4.235434e+03 2.109463e-25
4.264822e+03 2.148412e-25
4.294414e+03 2.189992e-25
4.324212e+03 2.234042e-25
4.354216e+03 2.280393e-25
4.384428e+03 2.328876e-25
4.414850e+03 2.379319e-25
4.445483e+03 2.431547e-25
4.476329e+03 2.485390e-25
4.507388e+03 2.540674e-25
4.538663e+03 2.597232e-25
4.570155e+03 2.654896e-25
4.601866e+03 2.713501e-25
4.633797e+03 2.772887e-25
4.665949e+03 2.832894e-25
4.698324e+03 2.893366e-25
4.730924e+03 2.954150e-25
4.763750e+03 3.015093e-25
4.796804e+03 3.076049e-25
4.830087e+03 3.136870e-25
4.863602e+03 3.197412e-25
4.897348e+03 3.257533e-25
4.931329e+03 3.317092e-25
4.965546e+03 3.375950e-25
5.000000e+03 3.433970e-25
